time	V(vin)	V(n001)
0.000000000000000e+000	0.000000e+000	4.999999e+000
9.999999960041972e-012	5.000000e-002	5.000087e+000
1.999999992008394e-011	1.000000e-001	5.000175e+000
3.999999984016789e-011	2.000000e-001	5.000350e+000
7.999999968033578e-011	4.000000e-001	5.000701e+000
1.207857910562097e-010	6.039290e-001	5.001059e+000
1.585584586863297e-010	7.927923e-001	5.001391e+000
2.102008211850245e-010	1.051004e+000	5.001844e+000
2.696104521692914e-010	1.348052e+000	5.002366e+000
3.884297141378251e-010	1.942149e+000	5.003407e+000
6.260682380748926e-010	3.130341e+000	5.005482e+000
7.048291930144475e-010	3.524146e+000	5.006164e+000
8.424780901208903e-010	4.212390e+000	5.007339e+000
1.000000000000000e-009	5.000000e+000	5.008668e+000
1.012393560335357e-009	5.000000e+000	5.008662e+000
1.037180681006070e-009	5.000000e+000	5.008650e+000
1.170621515233751e-007	5.000000e+000	4.952367e+000
2.330871223657440e-007	5.000000e+000	4.896148e+000
3.491120932081130e-007	5.000000e+000	4.839995e+000
4.651370640504820e-007	5.000000e+000	4.783907e+000
5.811620348928509e-007	5.000000e+000	4.727885e+000
6.971870057352200e-007	5.000000e+000	4.671928e+000
8.132119765775886e-007	5.000000e+000	4.616036e+000
1.625436346715513e-006	5.000000e+000	4.226189e+000
2.675410091732035e-006	5.000000e+000	3.726682e+000
4.279428505375848e-006	5.000000e+000	2.981638e+000
5.941642156597801e-006	5.000000e+000	2.260908e+000
7.604423686410867e-006	5.000000e+000	1.642685e+000
9.549660839577548e-006	5.000000e+000	1.092146e+000
1.211664188194995e-005	5.000000e+000	5.832480e-001
1.357659434268474e-005	5.000000e+000	3.912778e-001
1.487626258538889e-005	5.000000e+000	2.814937e-001
1.636199026079493e-005	5.000000e+000	1.952896e-001
1.799507776198671e-005	5.000000e+000	1.310837e-001
1.952017837216114e-005	5.000000e+000	9.158999e-002
2.103603207113135e-005	5.000000e+000	6.604937e-002
2.253227028989802e-005	5.000000e+000	4.955015e-002
2.410698394463878e-005	5.000000e+000	3.827184e-002
2.573375989996465e-005	5.000000e+000	3.080892e-002
2.748767751059096e-005	5.000000e+000	2.579339e-002
2.937093086498741e-005	5.000000e+000	2.254700e-002
3.148867558191504e-005	5.000000e+000	2.045484e-002
3.389210376956250e-005	5.000000e+000	1.918193e-002
3.675474792198226e-005	5.000000e+000	1.844533e-002
4.024000846178947e-005	5.000000e+000	1.806493e-002
4.474299017664814e-005	5.000000e+000	1.789520e-002
5.084970334951437e-005	5.000000e+000	1.783681e-002
5.999435316033548e-005	5.000000e+000	1.782368e-002
6.999435316033548e-005	5.000000e+000	1.782293e-002
5.000006397869514e-004	5.000000e+000	1.782300e-002
5.000010000000000e-004	5.000000e+000	1.782300e-002
5.000010222673802e-004	4.888663e+000	1.747716e-002
5.000010668021408e-004	4.665989e+000	1.678549e-002
5.000011558716617e-004	4.220642e+000	1.540222e-002
5.000013340107037e-004	3.329947e+000	1.263591e-002
5.000016086676124e-004	1.956662e+000	8.371084e-003
5.000016428808429e-004	1.785596e+000	7.839853e-003
5.000017113073038e-004	1.443463e+000	6.777422e-003
5.000018481602256e-004	7.591988e-001	4.652564e-003
5.000018770675705e-004	6.146622e-001	4.203733e-003
5.000019348822604e-004	3.255887e-001	3.306072e-003
5.000019430713232e-004	2.846434e-001	3.178924e-003
5.000019594494488e-004	2.027528e-001	2.924629e-003
5.000019706089996e-004	1.469550e-001	2.751361e-003
5.000019776808986e-004	1.115955e-001	2.641560e-003
5.000019858562019e-004	7.071899e-002	2.514627e-003
5.000020000000000e-004	0.000000e+000	2.295025e-003
5.000020014143798e-004	0.000000e+000	2.295033e-003
5.000020042431394e-004	0.000000e+000	2.295047e-003
5.031255288348034e-004	0.000000e+000	1.777435e-002
5.062490534264674e-004	0.000000e+000	3.320839e-002
5.093725780181314e-004	0.000000e+000	4.859719e-002
5.124961026097953e-004	0.000000e+000	6.394073e-002
5.156196272014593e-004	0.000000e+000	7.923902e-002
5.187431517931233e-004	0.000000e+000	9.449205e-002
5.218666763847873e-004	0.000000e+000	1.096998e-001
5.318666763847874e-004	0.000000e+000	1.581617e-001
5.418666763847874e-004	0.000000e+000	2.061650e-001
5.718666763847875e-004	0.000000e+000	3.473581e-001
6.247238192419305e-004	0.000000e+000	5.846783e-001
6.775809620990735e-004	0.000000e+000	8.112357e-001
7.304381049562165e-004	0.000000e+000	1.027030e+000
7.832952478133595e-004	0.000000e+000	1.232062e+000
8.361523906705025e-004	0.000000e+000	1.426331e+000
8.890095335276455e-004	0.000000e+000	1.609838e+000
9.418666763847884e-004	0.000000e+000	1.782582e+000
1.033295247813360e-003	0.000000e+000	2.058292e+000
1.124723819241932e-003	0.000000e+000	2.314380e+000
1.216152390670504e-003	0.000000e+000	2.550847e+000
1.307580962099075e-003	0.000000e+000	2.767691e+000
1.399009533527647e-003	0.000000e+000	2.964914e+000
1.490438104956219e-003	0.000000e+000	3.142514e+000
1.581866676384790e-003	0.000000e+000	3.300493e+000
1.674723819241933e-003	0.000000e+000	3.448256e+000
1.767580962099076e-003	0.000000e+000	3.585374e+000
1.860438104956220e-003	0.000000e+000	3.711846e+000
1.953295247813363e-003	0.000000e+000	3.827671e+000
2.046152390670506e-003	0.000000e+000	3.932850e+000
2.139009533527649e-003	0.000000e+000	4.027383e+000
2.231866676384792e-003	0.000000e+000	4.111270e+000
2.324723819241935e-003	0.000000e+000	4.188546e+000
2.417580962099078e-003	0.000000e+000	4.260253e+000
2.510438104956221e-003	0.000000e+000	4.326393e+000
2.603295247813364e-003	0.000000e+000	4.386964e+000
2.696152390670508e-003	0.000000e+000	4.441967e+000
2.789009533527651e-003	0.000000e+000	4.491402e+000
2.881866676384794e-003	0.000000e+000	4.535269e+000
2.977580962099080e-003	0.000000e+000	4.576824e+000
3.073295247813366e-003	0.000000e+000	4.615313e+000
3.169009533527651e-003	0.000000e+000	4.650738e+000
3.264723819241938e-003	0.000000e+000	4.683098e+000
3.360438104956224e-003	0.000000e+000	4.712393e+000
3.456152390670510e-003	0.000000e+000	4.738623e+000
3.551866676384795e-003	0.000000e+000	4.761787e+000
3.650438104956222e-003	0.000000e+000	4.783672e+000
3.749009533527649e-003	0.000000e+000	4.803905e+000
3.847580962099076e-003	0.000000e+000	4.822488e+000
3.946152390670503e-003	0.000000e+000	4.839420e+000
4.044723819241930e-003	0.000000e+000	4.854700e+000
4.143295247813357e-003	0.000000e+000	4.868330e+000
4.241866676384783e-003	0.000000e+000	4.880310e+000
4.347580962099064e-003	0.000000e+000	4.892031e+000
4.453295247813346e-003	0.000000e+000	4.902821e+000
4.559009533527627e-003	0.000000e+000	4.912678e+000
4.664723819241909e-003	0.000000e+000	4.921603e+000
4.770438104956190e-003	0.000000e+000	4.929597e+000
4.876152390670472e-003	0.000000e+000	4.936658e+000
4.981866676384753e-003	0.000000e+000	4.942787e+000
5.101866676384748e-003	0.000000e+000	4.949069e+000
5.221866676384743e-003	0.000000e+000	4.954803e+000
5.341866676384738e-003	0.000000e+000	4.959988e+000
5.461866676384733e-003	0.000000e+000	4.964625e+000
5.581866676384728e-003	0.000000e+000	4.968714e+000
5.701866676384723e-003	0.000000e+000	4.972255e+000
5.821866676384718e-003	0.000000e+000	4.975247e+000
5.969009533527569e-003	0.000000e+000	4.978499e+000
6.116152390670421e-003	0.000000e+000	4.981424e+000
6.263295247813272e-003	0.000000e+000	4.984021e+000
6.410438104956123e-003	0.000000e+000	4.986291e+000
6.557580962098975e-003	0.000000e+000	4.988234e+000
6.704723819241826e-003	0.000000e+000	4.989851e+000
6.851866676384676e-003	0.000000e+000	4.991139e+000
7.059009533527526e-003	0.000000e+000	4.992686e+000
7.266152390670374e-003	0.000000e+000	4.994039e+000
7.473295247813223e-003	0.000000e+000	4.995200e+000
7.680438104956072e-003	0.000000e+000	4.996167e+000
7.887580962098921e-003	0.000000e+000	4.996942e+000
8.094723819241770e-003	0.000000e+000	4.997524e+000
8.301866676384618e-003	0.000000e+000	4.997913e+000
8.751866676384600e-003	0.000000e+000	4.998668e+000
8.930171294043943e-003	0.000000e+000	4.998873e+000
9.108475911703285e-003	0.000000e+000	4.999056e+000
9.286780529362628e-003	0.000000e+000	4.999215e+000
9.465085147021973e-003	0.000000e+000	4.999350e+000
9.643389764681315e-003	0.000000e+000	4.999462e+000
9.821694382340658e-003	0.000000e+000	4.999551e+000
9.999999000000001e-003	0.000000e+000	4.999616e+000
1.000000000000000e-002	0.000000e+000	4.999616e+000
1.000000000220000e-002	1.100000e-002	4.999635e+000
1.000000000660000e-002	3.300000e-002	4.999673e+000
1.000000001540000e-002	7.700001e-002	4.999751e+000
1.000000002952832e-002	1.476416e-001	4.999875e+000
1.000000005778496e-002	2.889248e-001	5.000123e+000
1.000000009972418e-002	4.986209e-001	5.000491e+000
1.000000015195670e-002	7.597835e-001	5.000949e+000
1.000000021136701e-002	1.056835e+000	5.001471e+000
1.000000027158115e-002	1.357906e+000	5.001999e+000
1.000000039200942e-002	1.960047e+000	5.003055e+000
1.000000063286598e-002	3.164330e+000	5.005158e+000
1.000000069737891e-002	3.486895e+000	5.005717e+000
1.000000082640476e-002	4.132024e+000	5.006819e+000
1.000000100000000e-002	5.000000e+000	5.008285e+000
1.000000101239439e-002	5.000000e+000	5.008279e+000
1.000000103718316e-002	5.000000e+000	5.008266e+000
1.000011706989340e-002	5.000000e+000	4.951980e+000
1.000023310260363e-002	5.000000e+000	4.895758e+000
1.000034913531387e-002	5.000000e+000	4.839601e+000
1.000046516802410e-002	5.000000e+000	4.783510e+000
1.000058120073434e-002	5.000000e+000	4.727485e+000
1.000069723344457e-002	5.000000e+000	4.671524e+000
1.000081326615480e-002	5.000000e+000	4.615629e+000
1.000162554470400e-002	5.000000e+000	4.225759e+000
1.000267652999180e-002	5.000000e+000	3.725780e+000
1.000428029794623e-002	5.000000e+000	2.980888e+000
1.000594271498247e-002	5.000000e+000	2.260156e+000
1.000760573482999e-002	5.000000e+000	1.641988e+000
1.000955132824911e-002	5.000000e+000	1.091570e+000
1.001211959726150e-002	5.000000e+000	5.826938e-001
1.001357837295537e-002	5.000000e+000	3.910012e-001
1.001487763205456e-002	5.000000e+000	2.813325e-001
1.001636355402493e-002	5.000000e+000	1.951721e-001
1.001799649528405e-002	5.000000e+000	1.310120e-001
1.001952166650723e-002	5.000000e+000	9.154177e-002
1.002103743712185e-002	5.000000e+000	6.601883e-002
1.002253379354628e-002	5.000000e+000	4.952910e-002
1.002410853382436e-002	5.000000e+000	3.825810e-002
1.002573549877567e-002	5.000000e+000	3.079954e-002
1.002748955647615e-002	5.000000e+000	2.578733e-002
1.002937313122668e-002	5.000000e+000	2.254301e-002
1.003149121723867e-002	5.000000e+000	2.045238e-002
1.003389524588953e-002	5.000000e+000	1.918044e-002
1.003675864190181e-002	5.000000e+000	1.844453e-002
1.004024515578186e-002	5.000000e+000	1.806454e-002
1.004474997127877e-002	5.000000e+000	1.789505e-002
1.005086001472832e-002	5.000000e+000	1.783676e-002
1.006001090314004e-002	5.000000e+000	1.782368e-002
1.007001090314004e-002	5.000000e+000	1.782293e-002
1.050000000000000e-002	5.000000e+000	1.782300e-002
1.050000100000000e-002	5.000000e+000	1.782300e-002
1.050000102226739e-002	4.888663e+000	1.747716e-002
1.050000106680216e-002	4.665989e+000	1.678549e-002
1.050000115587171e-002	4.220642e+000	1.540222e-002
1.050000133401080e-002	3.329946e+000	1.263591e-002
1.050000160949186e-002	1.952541e+000	8.358322e-003
1.050000179310461e-002	1.034477e+000	5.507386e-003
1.050000200000000e-002	3.173881e-009	2.295016e-003
1.050000200004041e-002	0.000000e+000	2.295016e-003
1.050000200012123e-002	0.000000e+000	2.295017e-003
1.050000200125269e-002	0.000000e+000	2.295022e-003
1.050298018353665e-002	0.000000e+000	1.705574e-002
1.050595836582061e-002	0.000000e+000	3.177477e-002
1.050893654810458e-002	0.000000e+000	4.645211e-002
1.051191473038854e-002	0.000000e+000	6.108776e-002
1.051489291267251e-002	0.000000e+000	7.568171e-002
1.051787109495647e-002	0.000000e+000	9.023398e-002
1.052084927724044e-002	0.000000e+000	1.047446e-001
1.053084927724044e-002	0.000000e+000	1.532520e-001
1.054084927724044e-002	0.000000e+000	2.013026e-001
1.057084927724043e-002	0.000000e+000	3.426384e-001
1.062370642009758e-002	0.000000e+000	5.801987e-001
1.067656356295472e-002	0.000000e+000	8.069855e-001
1.072942070581186e-002	0.000000e+000	1.022999e+000
1.078227784866900e-002	0.000000e+000	1.228238e+000
1.083513499152614e-002	0.000000e+000	1.422705e+000
1.088799213438328e-002	0.000000e+000	1.606397e+000
1.094084927724042e-002	0.000000e+000	1.779316e+000
1.103227784866899e-002	0.000000e+000	2.055306e+000
1.112370642009756e-002	0.000000e+000	2.311654e+000
1.121513499152612e-002	0.000000e+000	2.548361e+000
1.130656356295469e-002	0.000000e+000	2.765425e+000
1.139799213438326e-002	0.000000e+000	2.962848e+000
1.148942070581183e-002	0.000000e+000	3.140628e+000
1.158084927724039e-002	0.000000e+000	3.298767e+000
1.167370642009753e-002	0.000000e+000	3.446681e+000
1.176656356295467e-002	0.000000e+000	3.583938e+000
1.185942070581181e-002	0.000000e+000	3.710538e+000
1.195227784866895e-002	0.000000e+000	3.826481e+000
1.204513499152609e-002	0.000000e+000	3.931767e+000
1.213799213438323e-002	0.000000e+000	4.026396e+000
1.223084927724037e-002	0.000000e+000	4.110368e+000
1.232370642009751e-002	0.000000e+000	4.187722e+000
1.241656356295465e-002	0.000000e+000	4.259502e+000
1.250942070581178e-002	0.000000e+000	4.325708e+000
1.260227784866892e-002	0.000000e+000	4.386341e+000
1.269513499152606e-002	0.000000e+000	4.441400e+000
1.278799213438320e-002	0.000000e+000	4.490885e+000
1.288084927724034e-002	0.000000e+000	4.534797e+000
1.297656356295462e-002	0.000000e+000	4.576394e+000
1.307227784866890e-002	0.000000e+000	4.614923e+000
1.316799213438319e-002	0.000000e+000	4.650384e+000
1.326370642009747e-002	0.000000e+000	4.682776e+000
1.335942070581175e-002	0.000000e+000	4.712101e+000
1.345513499152603e-002	0.000000e+000	4.738358e+000
1.355084927724031e-002	0.000000e+000	4.761546e+000
1.364942070581174e-002	0.000000e+000	4.783452e+000
1.374799213438316e-002	0.000000e+000	4.803706e+000
1.384656356295459e-002	0.000000e+000	4.822307e+000
1.394513499152601e-002	0.000000e+000	4.839256e+000
1.404370642009744e-002	0.000000e+000	4.854553e+000
1.414227784866886e-002	0.000000e+000	4.868197e+000
1.424084927724028e-002	0.000000e+000	4.880188e+000
1.434656356295457e-002	0.000000e+000	4.891922e+000
1.445227784866885e-002	0.000000e+000	4.902722e+000
1.455799213438313e-002	0.000000e+000	4.912590e+000
1.466370642009741e-002	0.000000e+000	4.921524e+000
1.476942070581169e-002	0.000000e+000	4.929525e+000
1.487513499152597e-002	0.000000e+000	4.936593e+000
1.498084927724025e-002	0.000000e+000	4.942729e+000
1.510084927724025e-002	0.000000e+000	4.949017e+000
1.522084927724024e-002	0.000000e+000	4.954757e+000
1.534084927724024e-002	0.000000e+000	4.959947e+000
1.546084927724024e-002	0.000000e+000	4.964589e+000
1.558084927724023e-002	0.000000e+000	4.968683e+000
1.570084927724023e-002	0.000000e+000	4.972227e+000
1.582084927724022e-002	0.000000e+000	4.975223e+000
1.596799213438307e-002	0.000000e+000	4.978477e+000
1.611513499152592e-002	0.000000e+000	4.981405e+000
1.626227784866878e-002	0.000000e+000	4.984005e+000
1.640942070581163e-002	0.000000e+000	4.986277e+000
1.655656356295448e-002	0.000000e+000	4.988222e+000
1.670370642009733e-002	0.000000e+000	4.989840e+000
1.685084927724018e-002	0.000000e+000	4.991131e+000
1.710084927724017e-002	0.000000e+000	4.993088e+000
1.732799213438302e-002	0.000000e+000	4.994384e+000
1.755513499152587e-002	0.000000e+000	4.995510e+000
1.778227784866871e-002	0.000000e+000	4.996466e+000
1.800942070581156e-002	0.000000e+000	4.997251e+000
1.823656356295441e-002	0.000000e+000	4.997866e+000
1.846370642009726e-002	0.000000e+000	4.998310e+000
1.869084927724011e-002	0.000000e+000	4.998584e+000
1.887787066620580e-002	0.000000e+000	4.998812e+000
1.906489205517150e-002	0.000000e+000	4.999012e+000
1.925191344413720e-002	0.000000e+000	4.999186e+000
1.943893483310290e-002	0.000000e+000	4.999334e+000
1.962595622206860e-002	0.000000e+000	4.999454e+000
1.981297761103430e-002	0.000000e+000	4.999548e+000
1.999999900000000e-002	0.000000e+000	4.999616e+000
2.000000000000000e-002	0.000000e+000	4.999616e+000
2.000000000220000e-002	1.100000e-002	4.999635e+000
2.000000000660000e-002	3.300001e-002	4.999673e+000
2.000000001540000e-002	7.700001e-002	4.999751e+000
2.000000002733441e-002	1.366721e-001	4.999856e+000
2.000000005120324e-002	2.560162e-001	5.000065e+000
2.000000009894088e-002	4.947044e-001	5.000484e+000
2.000000015543399e-002	7.771699e-001	5.000980e+000
2.000000021604078e-002	1.080204e+000	5.001512e+000
2.000000028169876e-002	1.408494e+000	5.002089e+000
2.000000041301472e-002	2.065073e+000	5.003238e+000
2.000000067564664e-002	3.378233e+000	5.005512e+000
2.000000100000000e-002	5.000000e+000	5.008278e+000
2.000000101239450e-002	5.000000e+000	5.008273e+000
2.000000103718350e-002	5.000000e+000	5.008261e+000
2.000011707093648e-002	5.000000e+000	4.951973e+000
2.000023310468948e-002	5.000000e+000	4.895751e+000
2.000034913844246e-002	5.000000e+000	4.839594e+000
2.000046517219545e-002	5.000000e+000	4.783502e+000
2.000058120594844e-002	5.000000e+000	4.727476e+000
2.000069723970143e-002	5.000000e+000	4.671515e+000
2.000081327345442e-002	5.000000e+000	4.615619e+000
2.000162555930334e-002	5.000000e+000	4.225746e+000
2.000267656644036e-002	5.000000e+000	3.725756e+000
2.000428032542386e-002	5.000000e+000	2.980870e+000
2.000594274418743e-002	5.000000e+000	2.260139e+000
2.000760577001511e-002	5.000000e+000	1.641972e+000
2.000955137054139e-002	5.000000e+000	1.091557e+000
2.001211966982464e-002	5.000000e+000	5.826812e-001
2.001357841911685e-002	5.000000e+000	3.909949e-001
2.001487766883642e-002	5.000000e+000	2.813288e-001
2.001636359516699e-002	5.000000e+000	1.951695e-001
2.001799653305496e-002	5.000000e+000	1.310103e-001
2.001952170591197e-002	5.000000e+000	9.154066e-002
2.002103747463023e-002	5.000000e+000	6.601814e-002
2.002253383376085e-002	5.000000e+000	4.952862e-002
2.002410857463611e-002	5.000000e+000	3.825779e-002
2.002573554390334e-002	5.000000e+000	3.079933e-002
2.002748960479079e-002	5.000000e+000	2.578719e-002
2.002937318687615e-002	5.000000e+000	2.254292e-002
2.003149128066283e-002	5.000000e+000	2.045232e-002
2.003389532301109e-002	5.000000e+000	1.918041e-002
2.003675873615851e-002	5.000000e+000	1.844451e-002
2.004024527862437e-002	5.000000e+000	1.806454e-002
2.004475013592586e-002	5.000000e+000	1.789505e-002
2.005086025533174e-002	5.000000e+000	1.783676e-002
2.006001128600809e-002	5.000000e+000	1.782368e-002
2.007001128600809e-002	5.000000e+000	1.782293e-002
2.049999993751257e-002	5.000000e+000	1.782300e-002
2.050000100000000e-002	5.000000e+000	1.782300e-002
2.050000102353233e-002	4.882339e+000	1.745751e-002
2.050000107059697e-002	4.647015e+000	1.672655e-002
2.050000116472627e-002	4.176369e+000	1.526472e-002
2.050000135298486e-002	3.235076e+000	1.234128e-002
2.050000162995209e-002	1.850240e+000	8.040634e-003
2.050000179467176e-002	1.026641e+000	5.483056e-003
2.050000200000000e-002	3.173881e-009	2.295020e-003
2.050000200004010e-002	0.000000e+000	2.295021e-003
2.050000200012031e-002	0.000000e+000	2.295021e-003
2.050000200124320e-002	0.000000e+000	2.295027e-003
2.050296844583681e-002	0.000000e+000	1.699770e-002
2.050593489043041e-002	0.000000e+000	3.165897e-002
2.050890133502402e-002	0.000000e+000	4.627883e-002
2.051186777961762e-002	0.000000e+000	6.085728e-002
2.051483422421123e-002	0.000000e+000	7.539432e-002
2.051780066880483e-002	0.000000e+000	8.988995e-002
2.052076711339844e-002	0.000000e+000	1.043442e-001
2.053076711339844e-002	0.000000e+000	1.528552e-001
2.054076711339843e-002	0.000000e+000	2.009097e-001
2.057076711339843e-002	0.000000e+000	3.422570e-001
2.062362425625557e-002	0.000000e+000	5.798368e-001
2.067648139911272e-002	0.000000e+000	8.066421e-001
2.072933854196985e-002	0.000000e+000	1.022673e+000
2.078219568482700e-002	0.000000e+000	1.227929e+000
2.083505282768414e-002	0.000000e+000	1.422411e+000
2.088790997054128e-002	0.000000e+000	1.606119e+000
2.094076711339842e-002	0.000000e+000	1.779052e+000
2.103219568482699e-002	0.000000e+000	2.055065e+000
2.112362425625555e-002	0.000000e+000	2.311434e+000
2.121505282768412e-002	0.000000e+000	2.548160e+000
2.130648139911269e-002	0.000000e+000	2.765242e+000
2.139790997054126e-002	0.000000e+000	2.962681e+000
2.148933854196982e-002	0.000000e+000	3.140476e+000
2.158076711339839e-002	0.000000e+000	3.298628e+000
2.167362425625553e-002	0.000000e+000	3.446554e+000
2.176648139911267e-002	0.000000e+000	3.583822e+000
2.185933854196981e-002	0.000000e+000	3.710432e+000
2.195219568482695e-002	0.000000e+000	3.826385e+000
2.204505282768409e-002	0.000000e+000	3.931679e+000
2.213790997054123e-002	0.000000e+000	4.026316e+000
2.223076711339837e-002	0.000000e+000	4.110295e+000
2.232362425625550e-002	0.000000e+000	4.187656e+000
2.241648139911264e-002	0.000000e+000	4.259442e+000
2.250933854196978e-002	0.000000e+000	4.325653e+000
2.260219568482692e-002	0.000000e+000	4.386291e+000
2.269505282768406e-002	0.000000e+000	4.441354e+000
2.278790997054120e-002	0.000000e+000	4.490844e+000
2.288076711339834e-002	0.000000e+000	4.534759e+000
2.297648139911262e-002	0.000000e+000	4.576359e+000
2.307219568482690e-002	0.000000e+000	4.614891e+000
2.316790997054119e-002	0.000000e+000	4.650355e+000
2.326362425625547e-002	0.000000e+000	4.682751e+000
2.335933854196975e-002	0.000000e+000	4.712078e+000
2.345505282768403e-002	0.000000e+000	4.738336e+000
2.355076711339831e-002	0.000000e+000	4.761527e+000
2.364933854196974e-002	0.000000e+000	4.783435e+000
2.374790997054116e-002	0.000000e+000	4.803690e+000
2.384648139911259e-002	0.000000e+000	4.822293e+000
2.394505282768401e-002	0.000000e+000	4.839243e+000
2.404362425625543e-002	0.000000e+000	4.854541e+000
2.414219568482686e-002	0.000000e+000	4.868186e+000
2.424076711339828e-002	0.000000e+000	4.880178e+000
2.434648139911257e-002	0.000000e+000	4.891913e+000
2.445219568482685e-002	0.000000e+000	4.902714e+000
2.455790997054113e-002	0.000000e+000	4.912582e+000
2.466362425625541e-002	0.000000e+000	4.921517e+000
2.476933854196969e-002	0.000000e+000	4.929519e+000
2.487505282768397e-002	0.000000e+000	4.936588e+000
2.498076711339825e-002	0.000000e+000	4.942724e+000
2.504219568482682e-002	0.000000e+000	4.946101e+000
2.510362425625539e-002	0.000000e+000	4.949303e+000
2.516505282768396e-002	0.000000e+000	4.952331e+000
2.522648139911253e-002	0.000000e+000	4.955185e+000
2.528790997054110e-002	0.000000e+000	4.957865e+000
2.534933854196967e-002	0.000000e+000	4.960370e+000
2.541076711339824e-002	0.000000e+000	4.962701e+000
2.542076711339824e-002	0.000000e+000	4.963071e+000
2.555219568482680e-002	0.000000e+000	4.967467e+000
2.568362425625537e-002	0.000000e+000	4.971453e+000
2.581505282768393e-002	0.000000e+000	4.975031e+000
2.594648139911250e-002	0.000000e+000	4.978199e+000
2.607790997054107e-002	0.000000e+000	4.980958e+000
2.620933854196963e-002	0.000000e+000	4.983308e+000
2.634076711339820e-002	0.000000e+000	4.985248e+000
2.651505282768391e-002	0.000000e+000	4.987485e+000
2.668933854196961e-002	0.000000e+000	4.989471e+000
2.686362425625532e-002	0.000000e+000	4.991206e+000
2.703790997054103e-002	0.000000e+000	4.992689e+000
2.721219568482674e-002	0.000000e+000	4.993921e+000
2.738648139911244e-002	0.000000e+000	4.994901e+000
2.756076711339815e-002	0.000000e+000	4.995631e+000
2.783219568482671e-002	0.000000e+000	4.996566e+000
2.810362425625527e-002	0.000000e+000	4.997367e+000
2.837505282768383e-002	0.000000e+000	4.998032e+000
2.864648139911239e-002	0.000000e+000	4.998562e+000
2.891790997054095e-002	0.000000e+000	4.998957e+000
2.918933854196951e-002	0.000000e+000	4.999217e+000
2.946076711339807e-002	0.000000e+000	4.999342e+000
2.999999944287288e-002	0.000000e+000	4.999616e+000
3.000000000000000e-002	0.000000e+000	4.999616e+000
3.000000000122568e-002	6.128396e-003	4.999626e+000
3.000000000367704e-002	1.838519e-002	4.999648e+000
3.000000000857975e-002	4.289877e-002	4.999691e+000
3.000000001410176e-002	7.050881e-002	4.999740e+000
3.000000002514577e-002	1.257289e-001	4.999836e+000
3.000000004723380e-002	2.361690e-001	5.000030e+000
3.000000009140985e-002	4.570493e-001	5.000418e+000
3.000000013937752e-002	6.968876e-001	5.000839e+000
3.000000018394445e-002	9.197223e-001	5.001230e+000
3.000000023787049e-002	1.189353e+000	5.001704e+000
3.000000034041174e-002	1.702059e+000	5.002603e+000
3.000000054549425e-002	2.727471e+000	5.004397e+000
3.000000067165171e-002	3.358258e+000	5.005490e+000
3.000000092396664e-002	4.619833e+000	5.007644e+000
3.000000100000000e-002	5.000000e+000	5.008284e+000
3.000000100286211e-002	5.000000e+000	5.008282e+000
3.000000100858632e-002	5.000000e+000	5.008279e+000
3.000010819035498e-002	5.000000e+000	4.956284e+000
3.000021537212365e-002	5.000000e+000	4.904344e+000
3.000032255389231e-002	5.000000e+000	4.852460e+000
3.000042973566097e-002	5.000000e+000	4.800631e+000
3.000053691742963e-002	5.000000e+000	4.748858e+000
3.000064409919830e-002	5.000000e+000	4.697140e+000
3.000075128096696e-002	5.000000e+000	4.645478e+000
3.000150156479603e-002	5.000000e+000	4.285078e+000
3.000250709930405e-002	5.000000e+000	3.806010e+000
3.000412629459795e-002	5.000000e+000	3.050807e+000
3.000577581282405e-002	5.000000e+000	2.328096e+000
3.000741462455666e-002	5.000000e+000	1.706306e+000
3.000933315651934e-002	5.000000e+000	1.143816e+000
3.001178693373642e-002	5.000000e+000	6.337256e-001
3.001335391489544e-002	5.000000e+000	4.159015e-001
3.001468926729092e-002	5.000000e+000	2.956990e-001
3.001616002438676e-002	5.000000e+000	2.055726e-001
3.001780522450683e-002	5.000000e+000	1.373681e-001
3.001932512488378e-002	5.000000e+000	9.580078e-002
3.002084750789576e-002	5.000000e+000	6.871972e-002
3.002233441967886e-002	5.000000e+000	5.138806e-002
3.002390661208066e-002	5.000000e+000	3.947299e-002
3.002551807232711e-002	5.000000e+000	3.162783e-002
3.002726001702599e-002	5.000000e+000	2.632383e-002
3.002911689553786e-002	5.000000e+000	2.289665e-002
3.003120591273706e-002	5.000000e+000	2.067145e-002
3.003355982698286e-002	5.000000e+000	1.931298e-002
3.003635968525172e-002	5.000000e+000	1.851675e-002
3.003974172411376e-002	5.000000e+000	1.810001e-002
3.004409306305089e-002	5.000000e+000	1.790907e-002
3.004992792947823e-002	5.000000e+000	1.784078e-002
3.005856584485915e-002	5.000000e+000	1.782420e-002
3.006856584485915e-002	5.000000e+000	1.782292e-002
3.050000000000000e-002	5.000000e+000	1.782300e-002
3.050000100000000e-002	5.000000e+000	1.782300e-002
3.050000102226739e-002	4.888663e+000	1.747716e-002
3.050000106680216e-002	4.665989e+000	1.678549e-002
3.050000115587170e-002	4.220642e+000	1.540222e-002
3.050000133401079e-002	3.329946e+000	1.263591e-002
3.050000161274774e-002	1.936261e+000	8.307768e-003
3.050000179259942e-002	1.037003e+000	5.515230e-003
3.050000200000000e-002	3.173881e-009	2.295016e-003
3.050000200004051e-002	0.000000e+000	2.295016e-003
3.050000200012152e-002	0.000000e+000	2.295017e-003
3.050000200125574e-002	0.000000e+000	2.295022e-003
3.050298396731007e-002	0.000000e+000	1.707445e-002
3.050596593336439e-002	0.000000e+000	3.181210e-002
3.050894789941871e-002	0.000000e+000	4.650797e-002
3.051192986547303e-002	0.000000e+000	6.116205e-002
3.051491183152735e-002	0.000000e+000	7.577435e-002
3.051789379758167e-002	0.000000e+000	9.034487e-002
3.052087576363599e-002	0.000000e+000	1.048736e-001
3.053087576363599e-002	0.000000e+000	1.533798e-001
3.054087576363599e-002	0.000000e+000	2.014292e-001
3.057087576363599e-002	0.000000e+000	3.427613e-001
3.062373290649313e-002	0.000000e+000	5.803154e-001
3.067659004935027e-002	0.000000e+000	8.070962e-001
3.072944719220741e-002	0.000000e+000	1.023104e+000
3.078230433506455e-002	0.000000e+000	1.228338e+000
3.083516147792169e-002	0.000000e+000	1.422799e+000
3.088801862077883e-002	0.000000e+000	1.606487e+000
3.094087576363597e-002	0.000000e+000	1.779401e+000
3.103230433506456e-002	0.000000e+000	2.055384e+000
3.112373290649314e-002	0.000000e+000	2.311725e+000
3.121516147792173e-002	0.000000e+000	2.548425e+000
3.130659004935031e-002	0.000000e+000	2.765484e+000
3.139801862077889e-002	0.000000e+000	2.962901e+000
3.148944719220748e-002	0.000000e+000	3.140677e+000
3.158087576363607e-002	0.000000e+000	3.298812e+000
3.167373290649324e-002	0.000000e+000	3.446722e+000
3.176659004935041e-002	0.000000e+000	3.583975e+000
3.185944719220758e-002	0.000000e+000	3.710572e+000
3.195230433506475e-002	0.000000e+000	3.826512e+000
3.204516147792192e-002	0.000000e+000	3.931795e+000
3.213801862077909e-002	0.000000e+000	4.026422e+000
3.223087576363626e-002	0.000000e+000	4.110392e+000
3.232373290649344e-002	0.000000e+000	4.187743e+000
3.241659004935061e-002	0.000000e+000	4.259522e+000
3.250944719220778e-002	0.000000e+000	4.325726e+000
3.260230433506495e-002	0.000000e+000	4.386357e+000
3.269516147792212e-002	0.000000e+000	4.441415e+000
3.278801862077929e-002	0.000000e+000	4.490899e+000
3.288087576363646e-002	0.000000e+000	4.534809e+000
3.297659004935078e-002	0.000000e+000	4.576405e+000
3.307230433506509e-002	0.000000e+000	4.614933e+000
3.316801862077941e-002	0.000000e+000	4.650393e+000
3.326373290649373e-002	0.000000e+000	4.682785e+000
3.335944719220804e-002	0.000000e+000	4.712108e+000
3.345516147792235e-002	0.000000e+000	4.738364e+000
3.355087576363667e-002	0.000000e+000	4.761552e+000
3.356087576363667e-002	0.000000e+000	4.763919e+000
3.365944719220813e-002	0.000000e+000	4.785607e+000
3.375801862077959e-002	0.000000e+000	4.805659e+000
3.385659004935105e-002	0.000000e+000	4.824076e+000
3.395516147792251e-002	0.000000e+000	4.840856e+000
3.405373290649397e-002	0.000000e+000	4.856000e+000
3.415230433506542e-002	0.000000e+000	4.869508e+000
3.425087576363688e-002	0.000000e+000	4.881380e+000
3.435659004935120e-002	0.000000e+000	4.892997e+000
3.446230433506552e-002	0.000000e+000	4.903690e+000
3.456801862077984e-002	0.000000e+000	4.913460e+000
3.467373290649416e-002	0.000000e+000	4.922305e+000
3.477944719220848e-002	0.000000e+000	4.930227e+000
3.488516147792279e-002	0.000000e+000	4.937225e+000
3.499087576363711e-002	0.000000e+000	4.943299e+000
3.511087576363715e-002	0.000000e+000	4.949525e+000
3.523087576363718e-002	0.000000e+000	4.955207e+000
3.535087576363722e-002	0.000000e+000	4.960346e+000
3.547087576363726e-002	0.000000e+000	4.964942e+000
3.559087576363729e-002	0.000000e+000	4.968994e+000
3.571087576363733e-002	0.000000e+000	4.972503e+000
3.583087576363737e-002	0.000000e+000	4.975469e+000
3.597801862078027e-002	0.000000e+000	4.978692e+000
3.612516147792317e-002	0.000000e+000	4.981590e+000
3.627230433506607e-002	0.000000e+000	4.984164e+000
3.641944719220898e-002	0.000000e+000	4.986414e+000
3.656659004935188e-002	0.000000e+000	4.988340e+000
3.671373290649478e-002	0.000000e+000	4.989942e+000
3.686087576363768e-002	0.000000e+000	4.991219e+000
3.706944719220918e-002	0.000000e+000	4.992760e+000
3.727801862078067e-002	0.000000e+000	4.994107e+000
3.748659004935216e-002	0.000000e+000	4.995262e+000
3.769516147792365e-002	0.000000e+000	4.996224e+000
3.790373290649515e-002	0.000000e+000	4.996993e+000
3.811230433506664e-002	0.000000e+000	4.997569e+000
3.832087576363813e-002	0.000000e+000	4.997952e+000
3.856075051168983e-002	0.000000e+000	4.998353e+000
3.880062525974152e-002	0.000000e+000	4.998699e+000
3.904050000779322e-002	0.000000e+000	4.998990e+000
3.928037475584491e-002	0.000000e+000	4.999228e+000
3.952024950389661e-002	0.000000e+000	4.999411e+000
3.976012425194830e-002	0.000000e+000	4.999541e+000
3.999999900000000e-002	0.000000e+000	4.999616e+000
4.000000000000000e-002	0.000000e+000	4.999616e+000
4.000000000220000e-002	1.099999e-002	4.999635e+000
4.000000000660000e-002	3.299999e-002	4.999673e+000
4.000000001540000e-002	7.700001e-002	4.999751e+000
4.000000002451681e-002	1.225840e-001	4.999831e+000
4.000000004275042e-002	2.137521e-001	4.999991e+000
4.000000007921764e-002	3.960882e-001	5.000311e+000
4.000000008399015e-002	4.199508e-001	5.000353e+000
4.000000009353517e-002	4.676758e-001	5.000437e+000
4.000000011262520e-002	5.631260e-001	5.000604e+000
4.000000013538044e-002	6.769022e-001	5.000804e+000
4.000000015769427e-002	7.884713e-001	5.001000e+000
4.000000020232193e-002	1.011610e+000	5.001391e+000
4.000000027235947e-002	1.361797e+000	5.002007e+000
4.000000041243455e-002	2.062173e+000	5.003232e+000
4.000000069258472e-002	3.462924e+000	5.005658e+000
4.000000100000000e-002	5.000000e+000	5.008279e+000
4.000000101239449e-002	5.000000e+000	5.008273e+000
4.000000103718347e-002	5.000000e+000	5.008261e+000
4.000011707084312e-002	5.000000e+000	4.951973e+000
4.000023310450278e-002	5.000000e+000	4.895751e+000
4.000034913816243e-002	5.000000e+000	4.839594e+000
4.000046517182209e-002	5.000000e+000	4.783503e+000
4.000058120548174e-002	5.000000e+000	4.727476e+000
4.000069723914140e-002	5.000000e+000	4.671515e+000
4.000081327280106e-002	5.000000e+000	4.615620e+000
4.000162555799660e-002	5.000000e+000	4.225747e+000
4.000267656399205e-002	5.000000e+000	3.725758e+000
4.000428032345713e-002	5.000000e+000	2.980870e+000
4.000594274210890e-002	5.000000e+000	2.260140e+000
4.000760576757617e-002	5.000000e+000	1.641973e+000
4.000955136766839e-002	5.000000e+000	1.091558e+000
4.001211966511906e-002	5.000000e+000	5.826820e-001
4.001357841601296e-002	5.000000e+000	3.909953e-001
4.001487766630102e-002	5.000000e+000	2.813290e-001
4.001636359236708e-002	5.000000e+000	1.951696e-001
4.001799653045930e-002	5.000000e+000	1.310104e-001
4.001952170321733e-002	5.000000e+000	9.154074e-002
4.002103747205053e-002	5.000000e+000	6.601819e-002
4.002253383101713e-002	5.000000e+000	4.952865e-002
4.002410857185616e-002	5.000000e+000	3.825780e-002
4.002573554086175e-002	5.000000e+000	3.079934e-002
4.002748960155598e-002	5.000000e+000	2.578720e-002
4.002937318319669e-002	5.000000e+000	2.254293e-002
4.003149127651201e-002	5.000000e+000	2.045233e-002
4.003389531802989e-002	5.000000e+000	1.918041e-002
4.003675873013848e-002	5.000000e+000	1.844451e-002
4.004024527087136e-002	5.000000e+000	1.806454e-002
4.004475012563844e-002	5.000000e+000	1.789505e-002
4.005086024043952e-002	5.000000e+000	1.783676e-002
4.006001126249106e-002	5.000000e+000	1.782368e-002
4.007001126249107e-002	5.000000e+000	1.782293e-002
4.049999990436123e-002	5.000000e+000	1.782300e-002
4.050000100000000e-002	5.000000e+000	1.782300e-002
4.050000102420341e-002	4.878983e+000	1.744709e-002
4.050000107261023e-002	4.636949e+000	1.669529e-002
4.050000116942387e-002	4.152881e+000	1.519176e-002
4.050000136305115e-002	3.184744e+000	1.218497e-002
4.050000164291487e-002	1.785426e+000	7.839361e-003
4.050000179507028e-002	1.024649e+000	5.476869e-003
4.050000200000000e-002	3.173881e-009	2.295022e-003
4.050000200004002e-002	0.000000e+000	2.295023e-003
4.050000200012008e-002	0.000000e+000	2.295023e-003
4.050000200124079e-002	0.000000e+000	2.295029e-003
4.050296546095109e-002	0.000000e+000	1.698295e-002
4.050592892066140e-002	0.000000e+000	3.162953e-002
4.050889238037170e-002	0.000000e+000	4.623477e-002
4.051185584008202e-002	0.000000e+000	6.079867e-002
4.051481929979232e-002	0.000000e+000	7.532123e-002
4.051778275950263e-002	0.000000e+000	8.980246e-002
4.052074621921294e-002	0.000000e+000	1.042423e-001
4.053074621921294e-002	0.000000e+000	1.527544e-001
4.054074621921294e-002	0.000000e+000	2.008097e-001
4.057074621921295e-002	0.000000e+000	3.421600e-001
4.062360336207011e-002	0.000000e+000	5.797448e-001
4.067646050492727e-002	0.000000e+000	8.065548e-001
4.072931764778443e-002	0.000000e+000	1.022590e+000
4.078217479064158e-002	0.000000e+000	1.227851e+000
4.083503193349874e-002	0.000000e+000	1.422337e+000
4.088788907635590e-002	0.000000e+000	1.606048e+000
4.094074621921306e-002	0.000000e+000	1.778985e+000
4.103217479064166e-002	0.000000e+000	2.055003e+000
4.112360336207026e-002	0.000000e+000	2.311378e+000
4.121503193349886e-002	0.000000e+000	2.548109e+000
4.130646050492746e-002	0.000000e+000	2.765195e+000
4.139788907635606e-002	0.000000e+000	2.962638e+000
4.148931764778466e-002	0.000000e+000	3.140437e+000
4.158074621921326e-002	0.000000e+000	3.298592e+000
4.161217479064184e-002	0.000000e+000	3.350977e+000
4.164360336207042e-002	0.000000e+000	3.401862e+000
4.167503193349900e-002	0.000000e+000	3.451248e+000
4.170646050492759e-002	0.000000e+000	3.499134e+000
4.173788907635617e-002	0.000000e+000	3.545520e+000
4.176931764778475e-002	0.000000e+000	3.590407e+000
4.180074621921333e-002	0.000000e+000	3.633795e+000
4.181074621921333e-002	0.000000e+000	3.647353e+000
4.190360336207050e-002	0.000000e+000	3.764963e+000
4.199646050492768e-002	0.000000e+000	3.874098e+000
4.208931764778485e-002	0.000000e+000	3.974760e+000
4.218217479064201e-002	0.000000e+000	4.066947e+000
4.227503193349919e-002	0.000000e+000	4.150661e+000
4.236788907635636e-002	0.000000e+000	4.225900e+000
4.246074621921353e-002	0.000000e+000	4.292666e+000
4.255503193349927e-002	0.000000e+000	4.355042e+000
4.264931764778502e-002	0.000000e+000	4.412871e+000
4.274360336207076e-002	0.000000e+000	4.466152e+000
4.283788907635650e-002	0.000000e+000	4.514885e+000
4.293217479064224e-002	0.000000e+000	4.559070e+000
4.302646050492799e-002	0.000000e+000	4.598708e+000
4.312074621921373e-002	0.000000e+000	4.633797e+000
4.321646050492805e-002	0.000000e+000	4.666542e+000
4.331217479064236e-002	0.000000e+000	4.696872e+000
4.340788907635668e-002	0.000000e+000	4.724786e+000
4.350360336207099e-002	0.000000e+000	4.750285e+000
4.359931764778531e-002	0.000000e+000	4.773369e+000
4.369503193349962e-002	0.000000e+000	4.794038e+000
4.379074621921394e-002	0.000000e+000	4.812292e+000
4.389217479064254e-002	0.000000e+000	4.829993e+000
4.399360336207114e-002	0.000000e+000	4.846331e+000
4.409503193349974e-002	0.000000e+000	4.861303e+000
4.419646050492835e-002	0.000000e+000	4.874912e+000
4.429788907635695e-002	0.000000e+000	4.887155e+000
4.439931764778556e-002	0.000000e+000	4.898034e+000
4.450074621921416e-002	0.000000e+000	4.907548e+000
4.461074621921419e-002	0.000000e+000	4.916935e+000
4.472074621921422e-002	0.000000e+000	4.925553e+000
4.483074621921426e-002	0.000000e+000	4.933402e+000
4.494074621921429e-002	0.000000e+000	4.940482e+000
4.505074621921432e-002	0.000000e+000	4.946793e+000
4.516074621921436e-002	0.000000e+000	4.952336e+000
4.527074621921439e-002	0.000000e+000	4.957110e+000
4.539788907635729e-002	0.000000e+000	4.962068e+000
4.552503193350018e-002	0.000000e+000	4.966575e+000
4.565217479064308e-002	0.000000e+000	4.970631e+000
4.577931764778598e-002	0.000000e+000	4.974237e+000
4.590646050492887e-002	0.000000e+000	4.977391e+000
4.603360336207177e-002	0.000000e+000	4.980094e+000
4.616074621921466e-002	0.000000e+000	4.982347e+000
4.632503193350043e-002	0.000000e+000	4.984895e+000
4.648931764778620e-002	0.000000e+000	4.987167e+000
4.665360336207196e-002	0.000000e+000	4.989163e+000
4.681788907635772e-002	0.000000e+000	4.990884e+000
4.698217479064348e-002	0.000000e+000	4.992329e+000
4.714646050492925e-002	0.000000e+000	4.993499e+000
4.731074621921502e-002	0.000000e+000	4.994393e+000
4.755646050492938e-002	0.000000e+000	4.995509e+000
4.780217479064373e-002	0.000000e+000	4.996472e+000
4.804788907635810e-002	0.000000e+000	4.997282e+000
4.829360336207246e-002	0.000000e+000	4.997939e+000
4.853931764778682e-002	0.000000e+000	4.998443e+000
4.878503193350118e-002	0.000000e+000	4.998793e+000
4.903074621921554e-002	0.000000e+000	4.998991e+000
4.999999900000000e-002	0.000000e+000	4.999616e+000
5.000000000000000e-002	0.000000e+000	4.999616e+000
5.000000000220000e-002	1.099999e-002	4.999635e+000
5.000000000660000e-002	3.299999e-002	4.999673e+000
5.000000001540000e-002	7.700001e-002	4.999751e+000
5.000000002341888e-002	1.170944e-001	4.999821e+000
5.000000003945664e-002	1.972832e-001	4.999962e+000
5.000000007153217e-002	3.576608e-001	5.000244e+000
5.000000010874470e-002	5.437235e-001	5.000570e+000
5.000000014653019e-002	7.326509e-001	5.000902e+000
5.000000022007588e-002	1.100379e+000	5.001547e+000
5.000000029057514e-002	1.452876e+000	5.002166e+000
5.000000043157363e-002	2.157868e+000	5.003400e+000
5.000000071357063e-002	3.567853e+000	5.005839e+000
5.000000100000000e-002	5.000000e+000	5.008280e+000
5.000000101239448e-002	5.000000e+000	5.008274e+000
5.000000103718343e-002	5.000000e+000	5.008262e+000
5.000011707071017e-002	5.000000e+000	4.951974e+000
5.000023310423692e-002	5.000000e+000	4.895752e+000
5.000034913776366e-002	5.000000e+000	4.839595e+000
5.000046517129041e-002	5.000000e+000	4.783504e+000
5.000058120481715e-002	5.000000e+000	4.727478e+000
5.000069723834390e-002	5.000000e+000	4.671517e+000
5.000081327187064e-002	5.000000e+000	4.615621e+000
5.000162555613575e-002	5.000000e+000	4.225749e+000
5.000267655906899e-002	5.000000e+000	3.725761e+000
5.000428031978708e-002	5.000000e+000	2.980873e+000
5.000594273820420e-002	5.000000e+000	2.260143e+000
5.000760576284974e-002	5.000000e+000	1.641975e+000
5.000955136196730e-002	5.000000e+000	1.091560e+000
5.001211965526117e-002	5.000000e+000	5.826837e-001
5.001357840977934e-002	5.000000e+000	3.909962e-001
5.001487766135518e-002	5.000000e+000	2.813295e-001
5.001636358682269e-002	5.000000e+000	1.951700e-001
5.001799652537777e-002	5.000000e+000	1.310107e-001
5.001952169791146e-002	5.000000e+000	9.154089e-002
5.002103746700502e-002	5.000000e+000	6.601828e-002
5.002253382560008e-002	5.000000e+000	4.952871e-002
5.002410856635713e-002	5.000000e+000	3.825785e-002
5.002573553477018e-002	5.000000e+000	3.079937e-002
5.002748959502687e-002	5.000000e+000	2.578721e-002
5.002937317566056e-002	5.000000e+000	2.254294e-002
5.003149126790850e-002	5.000000e+000	2.045233e-002
5.003389530754584e-002	5.000000e+000	1.918042e-002
5.003675871730193e-002	5.000000e+000	1.844451e-002
5.004024525411022e-002	5.000000e+000	1.806454e-002
5.004475010313789e-002	5.000000e+000	1.789505e-002
5.005086020751078e-002	5.000000e+000	1.783676e-002
5.006001121003054e-002	5.000000e+000	1.782368e-002
5.007001121003055e-002	5.000000e+000	1.782293e-002
5.049997170135466e-002	5.000000e+000	1.782300e-002
5.050000093595107e-002	5.000000e+000	1.782300e-002
5.050000100000000e-002	5.000000e+000	1.782300e-002
5.050000100332086e-002	4.983396e+000	1.777142e-002
5.050000100996257e-002	4.950187e+000	1.766827e-002
5.050000102324599e-002	4.883770e+000	1.746196e-002
5.050000104981284e-002	4.750936e+000	1.704934e-002
5.050000110294652e-002	4.485268e+000	1.622414e-002
5.050000120921389e-002	3.953931e+000	1.457384e-002
5.050000142174864e-002	2.891257e+000	1.127348e-002
5.050000157493051e-002	2.125347e+000	8.894932e-003
5.050000169363626e-002	1.531819e+000	7.051805e-003
5.050000193104777e-002	3.447612e-001	3.365616e-003
5.050000200000000e-002	3.173881e-009	2.295030e-003
5.050000200004649e-002	0.000000e+000	2.295030e-003
5.050000200013946e-002	0.000000e+000	2.295031e-003
5.050000200144105e-002	0.000000e+000	2.295037e-003
5.050321319195996e-002	0.000000e+000	1.820766e-002
5.050642438247886e-002	0.000000e+000	3.407280e-002
5.050963557299777e-002	0.000000e+000	4.989048e-002
5.051284676351668e-002	0.000000e+000	6.566068e-002
5.051605795403559e-002	0.000000e+000	8.138341e-002
5.051926914455449e-002	0.000000e+000	9.705867e-002
5.052248033507340e-002	0.000000e+000	1.126865e-001
5.053248033507340e-002	0.000000e+000	1.611208e-001
5.054248033507341e-002	0.000000e+000	2.090955e-001
5.057248033507342e-002	0.000000e+000	3.502026e-001
5.062533747793058e-002	0.000000e+000	5.873780e-001
5.067819462078774e-002	0.000000e+000	8.137971e-001
5.073105176364490e-002	0.000000e+000	1.029460e+000
5.078390890650205e-002	0.000000e+000	1.234367e+000
5.083676604935921e-002	0.000000e+000	1.428517e+000
5.088962319221637e-002	0.000000e+000	1.611912e+000
5.094248033507353e-002	0.000000e+000	1.784550e+000
5.103390890650213e-002	0.000000e+000	2.060091e+000
5.112533747793073e-002	0.000000e+000	2.316023e+000
5.121676604935933e-002	0.000000e+000	2.552345e+000
5.130819462078793e-002	0.000000e+000	2.769057e+000
5.139962319221653e-002	0.000000e+000	2.966159e+000
5.149105176364513e-002	0.000000e+000	3.143650e+000
5.158248033507373e-002	0.000000e+000	3.301532e+000
5.167533747793090e-002	0.000000e+000	3.449206e+000
5.176819462078807e-002	0.000000e+000	3.586240e+000
5.186105176364524e-002	0.000000e+000	3.712634e+000
5.195390890650241e-002	0.000000e+000	3.828388e+000
5.204676604935958e-002	0.000000e+000	3.933503e+000
5.213962319221675e-002	0.000000e+000	4.027979e+000
5.223248033507393e-002	0.000000e+000	4.111814e+000
5.232533747793110e-002	0.000000e+000	4.189042e+000
5.241819462078827e-002	0.000000e+000	4.260706e+000
5.251105176364544e-002	0.000000e+000	4.326804e+000
5.260390890650261e-002	0.000000e+000	4.387339e+000
5.269676604935978e-002	0.000000e+000	4.442308e+000
5.278962319221695e-002	0.000000e+000	4.491713e+000
5.288248033507412e-002	0.000000e+000	4.535553e+000
5.297819462078844e-002	0.000000e+000	4.577082e+000
5.307390890650275e-002	0.000000e+000	4.615549e+000
5.316962319221707e-002	0.000000e+000	4.650952e+000
5.326533747793139e-002	0.000000e+000	4.683292e+000
5.336105176364570e-002	0.000000e+000	4.712569e+000
5.345676604936001e-002	0.000000e+000	4.738783e+000
5.355248033507433e-002	0.000000e+000	4.761933e+000
5.365105176364579e-002	0.000000e+000	4.783804e+000
5.374962319221725e-002	0.000000e+000	4.804025e+000
5.384819462078871e-002	0.000000e+000	4.822596e+000
5.394676604936016e-002	0.000000e+000	4.839517e+000
5.404533747793162e-002	0.000000e+000	4.854789e+000
5.414390890650308e-002	0.000000e+000	4.868411e+000
5.424248033507454e-002	0.000000e+000	4.880383e+000
5.434819462078886e-002	0.000000e+000	4.892097e+000
5.445390890650317e-002	0.000000e+000	4.902880e+000
5.455962319221749e-002	0.000000e+000	4.912731e+000
5.466533747793181e-002	0.000000e+000	4.921651e+000
5.477105176364613e-002	0.000000e+000	4.929640e+000
5.487676604936045e-002	0.000000e+000	4.936697e+000
5.498248033507477e-002	0.000000e+000	4.942822e+000
5.510248033507480e-002	0.000000e+000	4.949100e+000
5.522248033507484e-002	0.000000e+000	4.954830e+000
5.534248033507488e-002	0.000000e+000	4.960012e+000
5.546248033507491e-002	0.000000e+000	4.964647e+000
5.558248033507495e-002	0.000000e+000	4.968733e+000
5.570248033507499e-002	0.000000e+000	4.972272e+000
5.582248033507502e-002	0.000000e+000	4.975263e+000
5.596962319221793e-002	0.000000e+000	4.978512e+000
5.611676604936083e-002	0.000000e+000	4.981435e+000
5.626390890650373e-002	0.000000e+000	4.984031e+000
5.641105176364664e-002	0.000000e+000	4.986300e+000
5.655819462078954e-002	0.000000e+000	4.988242e+000
5.670533747793244e-002	0.000000e+000	4.989857e+000
5.685248033507534e-002	0.000000e+000	4.991145e+000
5.705962319221826e-002	0.000000e+000	4.992690e+000
5.726676604936118e-002	0.000000e+000	4.994043e+000
5.747390890650410e-002	0.000000e+000	4.995203e+000
5.768105176364703e-002	0.000000e+000	4.996170e+000
5.788819462078994e-002	0.000000e+000	4.996944e+000
5.809533747793286e-002	0.000000e+000	4.997526e+000
5.830248033507578e-002	0.000000e+000	4.997915e+000
5.854486985940512e-002	0.000000e+000	4.998325e+000
5.878725938373446e-002	0.000000e+000	4.998680e+000
5.902964890806379e-002	0.000000e+000	4.998979e+000
5.927203843239312e-002	0.000000e+000	4.999222e+000
5.951442795672246e-002	0.000000e+000	4.999409e+000
5.975681748105179e-002	0.000000e+000	4.999540e+000
5.999920700538113e-002	0.000000e+000	4.999615e+000
5.999923900538089e-002	0.000000e+000	4.999615e+000
5.999999800000002e-002	0.000000e+000	4.999616e+000
5.999999900000001e-002	0.000000e+000	4.999616e+000
6.000000000000001e-002	3.469447e-008	4.999616e+000
6.000000000220000e-002	1.100002e-002	4.999635e+000
6.000000000660000e-002	3.300003e-002	4.999673e+000
6.000000001363888e-002	6.819441e-002	4.999735e+000
6.000000002102623e-002	1.051312e-001	4.999800e+000
6.000000003580095e-002	1.790048e-001	4.999930e+000
6.000000006535038e-002	3.267519e-001	5.000189e+000
6.000000010394302e-002	5.197151e-001	5.000528e+000
6.000000014388515e-002	7.194258e-001	5.000879e+000
6.000000020454500e-002	1.022725e+000	5.001411e+000
6.000000026519597e-002	1.325980e+000	5.001944e+000
6.000000038649790e-002	1.932490e+000	5.003006e+000
6.000000062910176e-002	3.145509e+000	5.005114e+000
6.000000092922040e-002	4.646102e+000	5.007685e+000
6.000000100000000e-002	5.000000e+000	5.008281e+000
6.000000100375264e-002	5.000000e+000	5.008279e+000
6.000000101125793e-002	5.000000e+000	5.008276e+000
6.000014154245656e-002	5.000000e+000	4.940112e+000
6.000028207365520e-002	5.000000e+000	4.872045e+000
6.000042260485382e-002	5.000000e+000	4.804074e+000
6.000056313605245e-002	5.000000e+000	4.736199e+000
6.000070366725108e-002	5.000000e+000	4.668421e+000
6.000084419844972e-002	5.000000e+000	4.600739e+000
6.000098472964835e-002	5.000000e+000	4.533153e+000
6.000196846304935e-002	5.000000e+000	4.062150e+000
6.000327584072827e-002	5.000000e+000	3.444336e+000
6.000493062298219e-002	5.000000e+000	2.690491e+000
6.000653840480158e-002	5.000000e+000	2.026066e+000
6.000834369565141e-002	5.000000e+000	1.411098e+000
6.001039881745596e-002	5.000000e+000	8.945714e-001
6.001268312267200e-002	5.000000e+000	5.030217e-001
6.001413148985547e-002	5.000000e+000	3.405112e-001
6.001548579180686e-002	5.000000e+000	2.418981e-001
6.001698502253382e-002	5.000000e+000	1.674030e-001
6.001857824651539e-002	5.000000e+000	1.141111e-001
6.002009643644791e-002	5.000000e+000	8.068386e-002
6.002160986304622e-002	5.000000e+000	5.895555e-002
6.002312825318219e-002	5.000000e+000	4.472350e-002
6.002472293286629e-002	5.000000e+000	3.506388e-002
6.002638934846875e-002	5.000000e+000	2.865544e-002
6.002819020566225e-002	5.000000e+000	2.438824e-002
6.003015015234043e-002	5.000000e+000	2.163578e-002
6.003236812772386e-002	5.000000e+000	1.989140e-002
6.003492314495189e-002	5.000000e+000	1.884927e-002
6.003799766285003e-002	5.000000e+000	1.826760e-002
6.004181223753333e-002	5.000000e+000	1.798163e-002
6.004683245124686e-002	5.000000e+000	1.786424e-002
6.005385848740640e-002	5.000000e+000	1.782875e-002
6.006385848740640e-002	5.000000e+000	1.782304e-002
6.050000000000000e-002	5.000000e+000	1.782300e-002
6.050000100000000e-002	5.000000e+000	1.782300e-002
6.050000102226739e-002	4.888663e+000	1.747716e-002
6.050000106680216e-002	4.665989e+000	1.678549e-002
6.050000115587170e-002	4.220642e+000	1.540222e-002
6.050000133401079e-002	3.329946e+000	1.263592e-002
6.050000161877858e-002	1.906107e+000	8.214126e-003
6.050000179155910e-002	1.042204e+000	5.531382e-003
6.050000200000000e-002	3.173881e-009	2.295016e-003
6.050000200004071e-002	0.000000e+000	2.295017e-003
6.050000200012213e-002	0.000000e+000	2.295017e-003
6.050000200126204e-002	0.000000e+000	2.295023e-003
6.050299175908647e-002	0.000000e+000	1.711298e-002
6.050598151691090e-002	0.000000e+000	3.188897e-002
6.050897127473533e-002	0.000000e+000	4.662299e-002
6.051196103255976e-002	0.000000e+000	6.131504e-002
6.051495079038419e-002	0.000000e+000	7.596512e-002
6.051794054820862e-002	0.000000e+000	9.057323e-002
6.052093030603305e-002	0.000000e+000	1.051394e-001
6.053093030603306e-002	0.000000e+000	1.536432e-001
6.054093030603306e-002	0.000000e+000	2.016900e-001
6.057093030603307e-002	0.000000e+000	3.430144e-001
6.062378744889023e-002	0.000000e+000	5.805557e-001
6.067664459174739e-002	0.000000e+000	8.073242e-001
6.072950173460455e-002	0.000000e+000	1.023320e+000
6.078235887746170e-002	0.000000e+000	1.228543e+000
6.083521602031886e-002	0.000000e+000	1.422994e+000
6.088807316317602e-002	0.000000e+000	1.606671e+000
6.094093030603318e-002	0.000000e+000	1.779576e+000
6.103235887746178e-002	0.000000e+000	2.055544e+000
6.112378744889038e-002	0.000000e+000	2.311872e+000
6.121521602031898e-002	0.000000e+000	2.548559e+000
6.130664459174758e-002	0.000000e+000	2.765606e+000
6.139807316317618e-002	0.000000e+000	2.963012e+000
6.148950173460478e-002	0.000000e+000	3.140779e+000
6.158093030603338e-002	0.000000e+000	3.298904e+000
6.167378744889055e-002	0.000000e+000	3.446806e+000
6.176664459174772e-002	0.000000e+000	3.584052e+000
6.185950173460490e-002	0.000000e+000	3.710642e+000
6.195235887746206e-002	0.000000e+000	3.826576e+000
6.204521602031923e-002	0.000000e+000	3.931853e+000
6.213807316317641e-002	0.000000e+000	4.026475e+000
6.223093030603358e-002	0.000000e+000	4.110440e+000
6.232378744889071e-002	0.000000e+000	4.187788e+000
6.241664459174785e-002	0.000000e+000	4.259562e+000
6.250950173460497e-002	0.000000e+000	4.325763e+000
6.260235887746211e-002	0.000000e+000	4.386391e+000
6.269521602031924e-002	0.000000e+000	4.441445e+000
6.278807316317638e-002	0.000000e+000	4.490926e+000
6.288093030603351e-002	0.000000e+000	4.534834e+000
6.297664459174776e-002	0.000000e+000	4.576428e+000
6.307235887746200e-002	0.000000e+000	4.614954e+000
6.316807316317626e-002	0.000000e+000	4.650412e+000
6.326378744889050e-002	0.000000e+000	4.682802e+000
6.335950173460475e-002	0.000000e+000	4.712124e+000
6.345521602031899e-002	0.000000e+000	4.738379e+000
6.355093030603325e-002	0.000000e+000	4.761565e+000
6.364950173460464e-002	0.000000e+000	4.783470e+000
6.374807316317603e-002	0.000000e+000	4.803722e+000
6.384664459174742e-002	0.000000e+000	4.822322e+000
6.394521602031880e-002	0.000000e+000	4.839269e+000
6.404378744889019e-002	0.000000e+000	4.854565e+000
6.414235887746159e-002	0.000000e+000	4.868207e+000
6.424093030603298e-002	0.000000e+000	4.880198e+000
6.434664459174723e-002	0.000000e+000	4.891930e+000
6.445235887746147e-002	0.000000e+000	4.902730e+000
6.455807316317572e-002	0.000000e+000	4.912597e+000
6.466378744888995e-002	0.000000e+000	4.921530e+000
6.476950173460420e-002	0.000000e+000	4.929531e+000
6.487521602031844e-002	0.000000e+000	4.936599e+000
6.498093030603269e-002	0.000000e+000	4.942733e+000
6.510093030603265e-002	0.000000e+000	4.949021e+000
6.522093030603260e-002	0.000000e+000	4.954760e+000
6.534093030603255e-002	0.000000e+000	4.959950e+000
6.546093030603251e-002	0.000000e+000	4.964592e+000
6.558093030603246e-002	0.000000e+000	4.968685e+000
6.570093030603241e-002	0.000000e+000	4.972229e+000
6.582093030603237e-002	0.000000e+000	4.975224e+000
6.596807316317517e-002	0.000000e+000	4.978479e+000
6.611521602031796e-002	0.000000e+000	4.981406e+000
6.626235887746076e-002	0.000000e+000	4.984006e+000
6.640950173460357e-002	0.000000e+000	4.986279e+000
6.655664459174637e-002	0.000000e+000	4.988224e+000
6.670378744888916e-002	0.000000e+000	4.989841e+000
6.685093030603197e-002	0.000000e+000	4.991131e+000
6.705807316317475e-002	0.000000e+000	4.992679e+000
6.726521602031751e-002	0.000000e+000	4.994034e+000
6.747235887746030e-002	0.000000e+000	4.995195e+000
6.767950173460308e-002	0.000000e+000	4.996164e+000
6.788664459174586e-002	0.000000e+000	4.996939e+000
6.809378744888862e-002	0.000000e+000	4.997522e+000
6.830093030603140e-002	0.000000e+000	4.997911e+000
6.858093030603130e-002	0.000000e+000	4.998420e+000
6.878365448204732e-002	0.000000e+000	4.998691e+000
6.898637865806334e-002	0.000000e+000	4.998929e+000
6.918910283407936e-002	0.000000e+000	4.999133e+000
6.939182701009540e-002	0.000000e+000	4.999303e+000
6.959455118611142e-002	0.000000e+000	4.999441e+000
6.979727536212745e-002	0.000000e+000	4.999545e+000
6.999999953814347e-002	0.000000e+000	4.999616e+000
6.999999999999999e-002	0.000000e+000	4.999616e+000
7.000000000101608e-002	5.080380e-003	4.999625e+000
7.000000000304825e-002	1.524121e-002	4.999642e+000
7.000000000711258e-002	3.556287e-002	4.999678e+000
7.000000001524126e-002	7.620627e-002	4.999749e+000
7.000000002357905e-002	1.178952e-001	4.999823e+000
7.000000004025463e-002	2.012731e-001	4.999969e+000
7.000000007360580e-002	3.680289e-001	5.000262e+000
7.000000010891835e-002	5.445917e-001	5.000572e+000
7.000000014608325e-002	7.304162e-001	5.000898e+000
7.000000021518413e-002	1.075921e+000	5.001504e+000
7.000000028410575e-002	1.420529e+000	5.002110e+000
7.000000042194897e-002	2.109745e+000	5.003316e+000
7.000000069763543e-002	3.488177e+000	5.005702e+000
7.000000099999999e-002	5.000000e+000	5.008279e+000
7.000000101239448e-002	5.000000e+000	5.008273e+000
7.000000103718346e-002	5.000000e+000	5.008261e+000
7.000011707085581e-002	5.000000e+000	4.951974e+000
7.000023310452816e-002	5.000000e+000	4.895751e+000
7.000034913820051e-002	5.000000e+000	4.839595e+000
7.000046517187288e-002	5.000000e+000	4.783503e+000
7.000058120554523e-002	5.000000e+000	4.727477e+000
7.000069723921758e-002	5.000000e+000	4.671516e+000
7.000081327288993e-002	5.000000e+000	4.615620e+000
7.000162555817437e-002	5.000000e+000	4.225747e+000
7.000267656317585e-002	5.000000e+000	3.725770e+000
7.000428429285933e-002	5.000000e+000	2.979141e+000
7.000595052588958e-002	5.000000e+000	2.257042e+000
7.000761383171746e-002	5.000000e+000	1.639326e+000
7.000956185058725e-002	5.000000e+000	1.089114e+000
7.001213397363452e-002	5.000000e+000	5.805582e-001
7.001358792908549e-002	5.000000e+000	3.899776e-001
7.001488571494384e-002	5.000000e+000	2.807473e-001
7.001637472789465e-002	5.000000e+000	1.946293e-001
7.001800586092720e-002	5.000000e+000	1.307106e-001
7.001953202384993e-002	5.000000e+000	9.133592e-002
7.002104740697293e-002	5.000000e+000	6.589419e-002
7.002254310956259e-002	5.000000e+000	4.945499e-002
7.002411698052009e-002	5.000000e+000	3.821841e-002
7.002574951031278e-002	5.000000e+000	3.075435e-002
7.002750153164493e-002	5.000000e+000	2.576281e-002
7.002938854615340e-002	5.000000e+000	2.252438e-002
7.003150540266652e-002	5.000000e+000	2.044278e-002
7.003391462428962e-002	5.000000e+000	1.917376e-002
7.003677859639909e-002	5.000000e+000	1.844130e-002
7.004027344505787e-002	5.000000e+000	1.806281e-002
7.004478250586242e-002	5.000000e+000	1.789443e-002
7.005091118281610e-002	5.000000e+000	1.783659e-002
7.006008236922558e-002	5.000000e+000	1.782366e-002
7.007008236922557e-002	5.000000e+000	1.782293e-002
7.050000000000001e-002	5.000000e+000	1.782300e-002
7.050000100000001e-002	5.000000e+000	1.782300e-002
7.050000102226739e-002	4.888663e+000	1.747716e-002
7.050000106680217e-002	4.665989e+000	1.678549e-002
7.050000115587173e-002	4.220642e+000	1.540222e-002
7.050000133401083e-002	3.329946e+000	1.263592e-002
7.050000162078614e-002	1.896069e+000	8.182955e-003
7.050000179123520e-002	1.043824e+000	5.536411e-003
7.050000200000001e-002	3.173881e-009	2.295016e-003
7.050000200004078e-002	0.000000e+000	2.295017e-003
7.050000200012233e-002	0.000000e+000	2.295017e-003
7.050000200126401e-002	0.000000e+000	2.295023e-003
7.050299418515227e-002	0.000000e+000	1.712498e-002
7.050598636904054e-002	0.000000e+000	3.191290e-002
7.050897855292880e-002	0.000000e+000	4.665880e-002
7.051197073681706e-002	0.000000e+000	6.136267e-002
7.051496292070532e-002	0.000000e+000	7.602452e-002
7.051795510459359e-002	0.000000e+000	9.064433e-002
7.052094728848185e-002	0.000000e+000	1.052221e-001
7.053094728848185e-002	0.000000e+000	1.537251e-001
7.054094728848184e-002	0.000000e+000	2.017712e-001
7.057094728848183e-002	0.000000e+000	3.430933e-001
7.062380443133895e-002	0.000000e+000	5.806305e-001
7.067666157419608e-002	0.000000e+000	8.073952e-001
7.072951871705320e-002	0.000000e+000	1.023387e+000
7.078237585991032e-002	0.000000e+000	1.228607e+000
7.083523300276744e-002	0.000000e+000	1.423054e+000
7.088809014562457e-002	0.000000e+000	1.606729e+000
7.094094728848169e-002	0.000000e+000	1.779631e+000
7.103237585991022e-002	0.000000e+000	2.055594e+000
7.112380443133876e-002	0.000000e+000	2.311917e+000
7.121523300276729e-002	0.000000e+000	2.548600e+000
7.130666157419584e-002	0.000000e+000	2.765644e+000
7.139809014562437e-002	0.000000e+000	2.963047e+000
7.148951871705291e-002	0.000000e+000	3.140810e+000
7.158094728848144e-002	0.000000e+000	3.298934e+000
7.167380443133854e-002	0.000000e+000	3.446833e+000
7.176666157419566e-002	0.000000e+000	3.584076e+000
7.185951871705276e-002	0.000000e+000	3.710664e+000
7.195237585990987e-002	0.000000e+000	3.826595e+000
7.204523300276697e-002	0.000000e+000	3.931871e+000
7.213809014562408e-002	0.000000e+000	4.026491e+000
7.223094728848119e-002	0.000000e+000	4.110455e+000
7.232380443133829e-002	0.000000e+000	4.187801e+000
7.241666157419541e-002	0.000000e+000	4.259574e+000
7.250951871705251e-002	0.000000e+000	4.325774e+000
7.260237585990961e-002	0.000000e+000	4.386401e+000
7.269523300276672e-002	0.000000e+000	4.441455e+000
7.278809014562383e-002	0.000000e+000	4.490935e+000
7.288094728848094e-002	0.000000e+000	4.534842e+000
7.297666157419519e-002	0.000000e+000	4.576435e+000
7.307237585990943e-002	0.000000e+000	4.614960e+000
7.316809014562369e-002	0.000000e+000	4.650418e+000
7.326380443133793e-002	0.000000e+000	4.682807e+000
7.335951871705218e-002	0.000000e+000	4.712129e+000
7.345523300276642e-002	0.000000e+000	4.738383e+000
7.355094728848068e-002	0.000000e+000	4.761569e+000
7.364951871705207e-002	0.000000e+000	4.783473e+000
7.374809014562346e-002	0.000000e+000	4.803725e+000
7.384666157419485e-002	0.000000e+000	4.822325e+000
7.394523300276623e-002	0.000000e+000	4.839272e+000
7.404380443133762e-002	0.000000e+000	4.854567e+000
7.414237585990902e-002	0.000000e+000	4.868209e+000
7.424094728848041e-002	0.000000e+000	4.880199e+000
7.434666157419466e-002	0.000000e+000	4.891932e+000
7.445237585990890e-002	0.000000e+000	4.902732e+000
7.455809014562315e-002	0.000000e+000	4.912598e+000
7.466380443133738e-002	0.000000e+000	4.921532e+000
7.476951871705163e-002	0.000000e+000	4.929532e+000
7.487523300276587e-002	0.000000e+000	4.936600e+000
7.498094728848012e-002	0.000000e+000	4.942734e+000
7.510094728848007e-002	0.000000e+000	4.949022e+000
7.522094728848003e-002	0.000000e+000	4.954761e+000
7.534094728847998e-002	0.000000e+000	4.959951e+000
7.546094728847994e-002	0.000000e+000	4.964593e+000
7.558094728847989e-002	0.000000e+000	4.968685e+000
7.570094728847984e-002	0.000000e+000	4.972230e+000
7.582094728847980e-002	0.000000e+000	4.975225e+000
7.594666157419404e-002	0.000000e+000	4.978060e+000
7.607237585990827e-002	0.000000e+000	4.980640e+000
7.619809014562251e-002	0.000000e+000	4.982963e+000
7.632380443133674e-002	0.000000e+000	4.985031e+000
7.644951871705098e-002	0.000000e+000	4.986843e+000
7.657523300276521e-002	0.000000e+000	4.988400e+000
7.670094728847945e-002	0.000000e+000	4.989700e+000
7.671094728847945e-002	0.000000e+000	4.989802e+000
7.690951871705080e-002	0.000000e+000	4.991523e+000
7.710809014562216e-002	0.000000e+000	4.993034e+000
7.730666157419351e-002	0.000000e+000	4.994336e+000
7.750523300276485e-002	0.000000e+000	4.995428e+000
7.770380443133620e-002	0.000000e+000	4.996312e+000
7.790237585990756e-002	0.000000e+000	4.996986e+000
7.810094728847891e-002	0.000000e+000	4.997450e+000
7.837224039012478e-002	0.000000e+000	4.997996e+000
7.864353349177065e-002	0.000000e+000	4.998463e+000
7.891482659341652e-002	0.000000e+000	4.998851e+000
7.918611969506240e-002	0.000000e+000	4.999160e+000
7.945741279670826e-002	0.000000e+000	4.999391e+000
7.972870589835414e-002	0.000000e+000	4.999543e+000
7.999999900000000e-002	0.000000e+000	4.999616e+000
8.000000000000000e-002	0.000000e+000	4.999616e+000
8.000000000220001e-002	1.100002e-002	4.999635e+000
8.000000000660000e-002	3.299999e-002	4.999673e+000
8.000000001388277e-002	6.941385e-002	4.999737e+000
8.000000002148305e-002	1.074153e-001	4.999804e+000
8.000000003668363e-002	1.834181e-001	4.999938e+000
8.000000006708478e-002	3.354239e-001	5.000205e+000
8.000000010661930e-002	5.330965e-001	5.000552e+000
8.000000014478231e-002	7.239116e-001	5.000886e+000
8.000000021660400e-002	1.083020e+000	5.001517e+000
8.000000028541938e-002	1.427097e+000	5.002121e+000
8.000000042305014e-002	2.115251e+000	5.003325e+000
8.000000069831166e-002	3.491558e+000	5.005708e+000
8.000000100000000e-002	5.000000e+000	5.008279e+000
8.000000101239449e-002	5.000000e+000	5.008273e+000
8.000000103718345e-002	5.000000e+000	5.008261e+000
8.000011707080273e-002	5.000000e+000	4.951974e+000
8.000023310442203e-002	5.000000e+000	4.895751e+000
8.000034913804131e-002	5.000000e+000	4.839595e+000
8.000046517166061e-002	5.000000e+000	4.783503e+000
8.000058120527989e-002	5.000000e+000	4.727477e+000
8.000069723889919e-002	5.000000e+000	4.671516e+000
8.000081327251847e-002	5.000000e+000	4.615620e+000
8.000162555743141e-002	5.000000e+000	4.225748e+000
8.000267656197270e-002	5.000000e+000	3.725759e+000
8.000428032202536e-002	5.000000e+000	2.980872e+000
8.000594274057842e-002	5.000000e+000	2.260142e+000
8.000760576568357e-002	5.000000e+000	1.641974e+000
8.000955136534974e-002	5.000000e+000	1.091559e+000
8.001211966097353e-002	5.000000e+000	5.826828e-001
8.001357841345821e-002	5.000000e+000	3.909957e-001
8.001487766431184e-002	5.000000e+000	2.813292e-001
8.001636359011519e-002	5.000000e+000	1.951698e-001
8.001799652841073e-002	5.000000e+000	1.310105e-001
8.001952170107021e-002	5.000000e+000	9.154080e-002
8.002103747001775e-002	5.000000e+000	6.601822e-002
8.002253382882117e-002	5.000000e+000	4.952867e-002
8.002410856962422e-002	5.000000e+000	3.825782e-002
8.002573553836961e-002	5.000000e+000	3.079935e-002
8.002748959887172e-002	5.000000e+000	2.578720e-002
8.002937318007022e-002	5.000000e+000	2.254293e-002
8.003149127291685e-002	5.000000e+000	2.045233e-002
8.003389531360894e-002	5.000000e+000	1.918041e-002
8.003675872468453e-002	5.000000e+000	1.844451e-002
8.004024526369405e-002	5.000000e+000	1.806454e-002
8.004475011594088e-002	5.000000e+000	1.789505e-002
8.005086022616276e-002	5.000000e+000	1.783676e-002
8.006001123963762e-002	5.000000e+000	1.782368e-002
8.007001123963761e-002	5.000000e+000	1.782293e-002
8.050000046825852e-002	5.000000e+000	1.782300e-002
8.050000100000000e-002	5.000000e+000	1.782300e-002
8.050000102226738e-002	4.888663e+000	1.747716e-002
8.050000106680215e-002	4.665989e+000	1.678549e-002
8.050000115587168e-002	4.220642e+000	1.540222e-002
8.050000133401074e-002	3.329946e+000	1.263592e-002
8.050000162277207e-002	1.886140e+000	8.152119e-003
8.050000179089679e-002	1.045516e+000	5.541665e-003
8.050000200000000e-002	3.173881e-009	2.295016e-003
8.050000200004084e-002	0.000000e+000	2.295017e-003
8.050000200012253e-002	0.000000e+000	2.295017e-003
8.050000200126606e-002	0.000000e+000	2.295023e-003
8.050299671968189e-002	0.000000e+000	1.713751e-002
8.050599143809771e-002	0.000000e+000	3.193791e-002
8.050898615651354e-002	0.000000e+000	4.669622e-002
8.051198087492936e-002	0.000000e+000	6.141244e-002
8.051497559334520e-002	0.000000e+000	7.608657e-002
8.051797031176101e-002	0.000000e+000	9.071861e-002
8.052096503017685e-002	0.000000e+000	1.053086e-001
8.053096503017684e-002	0.000000e+000	1.538108e-001
8.054096503017684e-002	0.000000e+000	2.018560e-001
8.057096503017683e-002	0.000000e+000	3.431756e-001
8.062382217303395e-002	0.000000e+000	5.807086e-001
8.067667931589108e-002	0.000000e+000	8.074693e-001
8.072953645874820e-002	0.000000e+000	1.023458e+000
8.078239360160532e-002	0.000000e+000	1.228674e+000
8.083525074446243e-002	0.000000e+000	1.423117e+000
8.088810788731957e-002	0.000000e+000	1.606789e+000
8.094096503017668e-002	0.000000e+000	1.779688e+000
8.103239360160522e-002	0.000000e+000	2.055646e+000
8.112382217303375e-002	0.000000e+000	2.311965e+000
8.121525074446229e-002	0.000000e+000	2.548644e+000
8.130667931589083e-002	0.000000e+000	2.765683e+000
8.139810788731937e-002	0.000000e+000	2.963083e+000
8.148953645874790e-002	0.000000e+000	3.140843e+000
8.158096503017644e-002	0.000000e+000	3.298964e+000
8.167382217303354e-002	0.000000e+000	3.446860e+000
8.176667931589066e-002	0.000000e+000	3.584101e+000
8.185953645874776e-002	0.000000e+000	3.710687e+000
8.195239360160486e-002	0.000000e+000	3.826616e+000
8.204525074446196e-002	0.000000e+000	3.931890e+000
8.213810788731908e-002	0.000000e+000	4.026508e+000
8.223096503017618e-002	0.000000e+000	4.110471e+000
8.232382217303329e-002	0.000000e+000	4.187816e+000
8.241667931589040e-002	0.000000e+000	4.259588e+000
8.250953645874751e-002	0.000000e+000	4.325786e+000
8.260239360160461e-002	0.000000e+000	4.386412e+000
8.269525074446171e-002	0.000000e+000	4.441465e+000
8.278810788731883e-002	0.000000e+000	4.490944e+000
8.288096503017593e-002	0.000000e+000	4.534851e+000
8.297667931589019e-002	0.000000e+000	4.576443e+000
8.307239360160443e-002	0.000000e+000	4.614967e+000
8.316810788731868e-002	0.000000e+000	4.650424e+000
8.326382217303292e-002	0.000000e+000	4.682813e+000
8.335953645874718e-002	0.000000e+000	4.712134e+000
8.345525074446142e-002	0.000000e+000	4.738388e+000
8.355096503017567e-002	0.000000e+000	4.761573e+000
8.364953645874707e-002	0.000000e+000	4.783477e+000
8.374810788731846e-002	0.000000e+000	4.803729e+000
8.384667931588985e-002	0.000000e+000	4.822328e+000
8.394525074446123e-002	0.000000e+000	4.839275e+000
8.404382217303262e-002	0.000000e+000	4.854570e+000
8.414239360160401e-002	0.000000e+000	4.868212e+000
8.424096503017541e-002	0.000000e+000	4.880202e+000
8.433953645874680e-002	0.000000e+000	4.891208e+000
8.443810788731819e-002	0.000000e+000	4.901383e+000
8.453667931588958e-002	0.000000e+000	4.910728e+000
8.463525074446096e-002	0.000000e+000	4.919243e+000
8.473382217303235e-002	0.000000e+000	4.926928e+000
8.483239360160375e-002	0.000000e+000	4.933783e+000
8.493096503017514e-002	0.000000e+000	4.939807e+000
8.494096503017513e-002	0.000000e+000	4.940404e+000
8.505953645874652e-002	0.000000e+000	4.946878e+000
8.517810788731790e-002	0.000000e+000	4.952792e+000
8.529667931588929e-002	0.000000e+000	4.958146e+000
8.541525074446066e-002	0.000000e+000	4.962939e+000
8.553382217303204e-002	0.000000e+000	4.967172e+000
8.565239360160343e-002	0.000000e+000	4.970845e+000
8.577096503017481e-002	0.000000e+000	4.973958e+000
8.591667931588905e-002	0.000000e+000	4.977351e+000
8.606239360160327e-002	0.000000e+000	4.980404e+000
8.620810788731750e-002	0.000000e+000	4.983118e+000
8.635382217303173e-002	0.000000e+000	4.985493e+000
8.649953645874596e-002	0.000000e+000	4.987529e+000
8.664525074446018e-002	0.000000e+000	4.989226e+000
8.679096503017442e-002	0.000000e+000	4.990584e+000
8.699382217303148e-002	0.000000e+000	4.992200e+000
8.719667931588855e-002	0.000000e+000	4.993617e+000
8.739953645874561e-002	0.000000e+000	4.994835e+000
8.760239360160267e-002	0.000000e+000	4.995854e+000
8.780525074445973e-002	0.000000e+000	4.996674e+000
8.800810788731681e-002	0.000000e+000	4.997294e+000
8.821096503017387e-002	0.000000e+000	4.997715e+000
8.846654131157759e-002	0.000000e+000	4.998183e+000
8.872211759298133e-002	0.000000e+000	4.998586e+000
8.897769387438506e-002	0.000000e+000	4.998923e+000
8.923327015578880e-002	0.000000e+000	4.999194e+000
8.948884643719253e-002	0.000000e+000	4.999400e+000
8.974442271859627e-002	0.000000e+000	4.999541e+000
8.999999900000000e-002	0.000000e+000	4.999616e+000
9.000000000000000e-002	0.000000e+000	4.999616e+000
9.000000000220000e-002	1.100002e-002	4.999635e+000
9.000000000660000e-002	3.299999e-002	4.999673e+000
9.000000001408429e-002	7.042145e-002	4.999739e+000
9.000000002185368e-002	1.092684e-001	4.999807e+000
9.000000003739249e-002	1.869625e-001	4.999944e+000
9.000000006847010e-002	3.423505e-001	5.000216e+000
9.000000010878437e-002	5.439218e-001	5.000570e+000
9.000000014615786e-002	7.307893e-001	5.000898e+000
9.000000022067685e-002	1.103384e+000	5.001553e+000
9.000000029041973e-002	1.452099e+000	5.002165e+000
9.000000042990547e-002	2.149527e+000	5.003386e+000
9.000000070887697e-002	3.544385e+000	5.005799e+000
9.000000100000000e-002	5.000000e+000	5.008280e+000
9.000000101239447e-002	5.000000e+000	5.008274e+000
9.000000103718342e-002	5.000000e+000	5.008262e+000
9.000011707073796e-002	5.000000e+000	4.951974e+000
9.000023310429250e-002	5.000000e+000	4.895752e+000
9.000034913784705e-002	5.000000e+000	4.839595e+000
9.000046517140158e-002	5.000000e+000	4.783503e+000
9.000058120495612e-002	5.000000e+000	4.727477e+000
9.000069723851066e-002	5.000000e+000	4.671516e+000
9.000081327206520e-002	5.000000e+000	4.615621e+000
9.000162555652488e-002	5.000000e+000	4.225748e+000
9.000267655982241e-002	5.000000e+000	3.725760e+000
9.000428032038771e-002	5.000000e+000	2.980873e+000
9.000594273883962e-002	5.000000e+000	2.260143e+000
9.000760576359773e-002	5.000000e+000	1.641975e+000
9.000955136285074e-002	5.000000e+000	1.091560e+000
9.001211965671678e-002	5.000000e+000	5.826834e-001
9.001357841073493e-002	5.000000e+000	3.909961e-001
9.001487766213329e-002	5.000000e+000	2.813295e-001
9.001636358768338e-002	5.000000e+000	1.951699e-001
9.001799652617469e-002	5.000000e+000	1.310106e-001
9.001952169873929e-002	5.000000e+000	9.154087e-002
9.002103746779697e-002	5.000000e+000	6.601826e-002
9.002253382644322e-002	5.000000e+000	4.952870e-002
9.002410856721158e-002	5.000000e+000	3.825784e-002
9.002573553570631e-002	5.000000e+000	3.079936e-002
9.002748959602332e-002	5.000000e+000	2.578721e-002
9.002937317679582e-002	5.000000e+000	2.254293e-002
9.003149126919091e-002	5.000000e+000	2.045233e-002
9.003389530908749e-002	5.000000e+000	1.918042e-002
9.003675871916790e-002	5.000000e+000	1.844451e-002
9.004024525651720e-002	5.000000e+000	1.806454e-002
9.004475010633610e-002	5.000000e+000	1.789505e-002
9.005086021214658e-002	5.000000e+000	1.783676e-002
9.006001121735893e-002	5.000000e+000	1.782368e-002
9.007001121735893e-002	5.000000e+000	1.782293e-002
9.050000000000000e-002	5.000000e+000	1.782300e-002
9.050000100000000e-002	5.000000e+000	1.782300e-002
9.050000102226738e-002	4.888663e+000	1.747716e-002
9.050000106680216e-002	4.665989e+000	1.678549e-002
9.050000115587172e-002	4.220642e+000	1.540222e-002
9.050000133401082e-002	3.329946e+000	1.263592e-002
9.050000162471651e-002	1.876417e+000	8.121927e-003
9.050000179056399e-002	1.047180e+000	5.546832e-003
9.050000200000000e-002	3.173881e-009	2.295016e-003
9.050000200004091e-002	0.000000e+000	2.295017e-003
9.050000200012272e-002	0.000000e+000	2.295017e-003
9.050000200126807e-002	0.000000e+000	2.295023e-003
9.050299921232273e-002	0.000000e+000	1.714983e-002
9.050599642337739e-002	0.000000e+000	3.196250e-002
9.050899363443206e-002	0.000000e+000	4.673301e-002
9.051199084548674e-002	0.000000e+000	6.146138e-002
9.051498805654140e-002	0.000000e+000	7.614759e-002
9.051798526759607e-002	0.000000e+000	9.079166e-002
9.052098247865073e-002	0.000000e+000	1.053936e-001
9.053098247865073e-002	0.000000e+000	1.538950e-001
9.054098247865072e-002	0.000000e+000	2.019394e-001
9.057098247865071e-002	0.000000e+000	3.432566e-001
9.062383962150783e-002	0.000000e+000	5.807855e-001
9.067669676436496e-002	0.000000e+000	8.075422e-001
9.072955390722208e-002	0.000000e+000	1.023527e+000
9.078241105007920e-002	0.000000e+000	1.228739e+000
9.083526819293632e-002	0.000000e+000	1.423180e+000
9.088812533579345e-002	0.000000e+000	1.606848e+000
9.094098247865057e-002	0.000000e+000	1.779744e+000
9.103241105007910e-002	0.000000e+000	2.055697e+000
9.112383962150764e-002	0.000000e+000	2.312011e+000
9.121526819293617e-002	0.000000e+000	2.548686e+000
9.130669676436472e-002	0.000000e+000	2.765722e+000
9.139812533579325e-002	0.000000e+000	2.963118e+000
9.148955390722179e-002	0.000000e+000	3.140875e+000
9.158098247865032e-002	0.000000e+000	3.298993e+000
9.167383962150742e-002	0.000000e+000	3.446887e+000
9.176669676436454e-002	0.000000e+000	3.584126e+000
9.185955390722164e-002	0.000000e+000	3.710709e+000
9.195241105007874e-002	0.000000e+000	3.826637e+000
9.204526819293585e-002	0.000000e+000	3.931909e+000
9.213812533579296e-002	0.000000e+000	4.026525e+000
9.223098247865007e-002	0.000000e+000	4.110486e+000
9.232383962150717e-002	0.000000e+000	4.187830e+000
9.241669676436429e-002	0.000000e+000	4.259601e+000
9.250955390722139e-002	0.000000e+000	4.325798e+000
9.260241105007849e-002	0.000000e+000	4.386423e+000
9.269526819293560e-002	0.000000e+000	4.441475e+000
9.278812533579271e-002	0.000000e+000	4.490953e+000
9.288098247864982e-002	0.000000e+000	4.534859e+000
9.293241105007837e-002	0.000000e+000	4.557983e+000
9.298383962150691e-002	0.000000e+000	4.580082e+000
9.303526819293546e-002	0.000000e+000	4.601154e+000
9.308669676436403e-002	0.000000e+000	4.621201e+000
9.313812533579258e-002	0.000000e+000	4.640221e+000
9.318955390722113e-002	0.000000e+000	4.658216e+000
9.324098247864968e-002	0.000000e+000	4.675184e+000
9.325098247864967e-002	0.000000e+000	4.678408e+000
9.334812533579250e-002	0.000000e+000	4.707559e+000
9.344526819293531e-002	0.000000e+000	4.734535e+000
9.354241105007813e-002	0.000000e+000	4.759336e+000
9.363955390722095e-002	0.000000e+000	4.781963e+000
9.373669676436378e-002	0.000000e+000	4.802415e+000
9.383383962150659e-002	0.000000e+000	4.820692e+000
9.393098247864941e-002	0.000000e+000	4.836795e+000
9.403383962150651e-002	0.000000e+000	4.852384e+000
9.413669676436362e-002	0.000000e+000	4.866759e+000
9.423955390722072e-002	0.000000e+000	4.879919e+000
9.434241105007782e-002	0.000000e+000	4.891865e+000
9.444526819293492e-002	0.000000e+000	4.902596e+000
9.454812533579203e-002	0.000000e+000	4.912113e+000
9.465098247864913e-002	0.000000e+000	4.920415e+000
9.476383962150622e-002	0.000000e+000	4.928685e+000
9.487669676436333e-002	0.000000e+000	4.936264e+000
9.498955390722043e-002	0.000000e+000	4.943153e+000
9.510241105007752e-002	0.000000e+000	4.949352e+000
9.521526819293462e-002	0.000000e+000	4.954861e+000
9.532812533579173e-002	0.000000e+000	4.959680e+000
9.544098247864882e-002	0.000000e+000	4.963808e+000
9.557383962150591e-002	0.000000e+000	4.968157e+000
9.570669676436301e-002	0.000000e+000	4.972099e+000
9.583955390722010e-002	0.000000e+000	4.975632e+000
9.597241105007719e-002	0.000000e+000	4.978758e+000
9.610526819293427e-002	0.000000e+000	4.981475e+000
9.623812533579138e-002	0.000000e+000	4.983785e+000
9.637098247864846e-002	0.000000e+000	4.985686e+000
9.654669676436269e-002	0.000000e+000	4.987872e+000
9.672241105007690e-002	0.000000e+000	4.989810e+000
9.689812533579112e-002	0.000000e+000	4.991502e+000
9.707383962150533e-002	0.000000e+000	4.992947e+000
9.724955390721955e-002	0.000000e+000	4.994146e+000
9.742526819293376e-002	0.000000e+000	4.995098e+000
9.760098247864799e-002	0.000000e+000	4.995803e+000
9.787812533579074e-002	0.000000e+000	4.996715e+000
9.815526819293348e-002	0.000000e+000	4.997494e+000
9.843241105007623e-002	0.000000e+000	4.998140e+000
9.870955390721899e-002	0.000000e+000	4.998653e+000
9.898669676436174e-002	0.000000e+000	4.999033e+000
9.926383962150448e-002	0.000000e+000	4.999279e+000
9.954098247864723e-002	0.000000e+000	4.999393e+000
9.999999899999999e-002	0.000000e+000	4.999616e+000
