time	V(vin)	V(n001)
0.000000000000000e+000	0.000000e+000	5.000000e+000
9.999999960041972e-012	5.000000e-002	5.000149e+000
1.999999992008394e-011	1.000000e-001	5.000298e+000
3.999999984016789e-011	2.000000e-001	5.000596e+000
3.199999987213431e-010	1.600000e+000	5.004761e+000
6.399999974426862e-010	3.200000e+000	5.009474e+000
1.000000000000000e-009	5.000000e+000	5.014725e+000
1.000791886387829e-009	5.000000e+000	5.014725e+000
1.002375659163486e-009	5.000000e+000	5.014724e+000
5.289627442635733e-008	5.000000e+000	4.989751e+000
1.047933407391025e-007	5.000000e+000	4.964781e+000
1.598933464420826e-007	5.000000e+000	4.938271e+000
2.700933578480428e-007	5.000000e+000	4.885244e+000
4.437030772740190e-007	5.000000e+000	4.801703e+000
5.751150455926489e-007	5.000000e+000	4.738502e+000
7.404732609346708e-007	5.000000e+000	4.659067e+000
1.071189691618715e-006	5.000000e+000	4.500519e+000
1.732622552986802e-006	5.000000e+000	4.184693e+000
3.055488275722977e-006	5.000000e+000	3.558415e+000
4.628742256087910e-006	5.000000e+000	2.834258e+000
6.283356230918126e-006	5.000000e+000	2.132233e+000
8.013961372211625e-006	5.000000e+000	1.513927e+000
1.000759414439395e-005	5.000000e+000	9.873133e-001
1.285343730649134e-005	5.000000e+000	4.788427e-001
1.433768350171883e-005	5.000000e+000	3.086453e-001
1.558074109019488e-005	5.000000e+000	2.203443e-001
1.702704971965959e-005	5.000000e+000	1.495953e-001
1.856656309233059e-005	5.000000e+000	9.788472e-002
2.003916272059925e-005	5.000000e+000	6.475372e-002
2.145915403643619e-005	5.000000e+000	4.345396e-002
2.285171689124819e-005	5.000000e+000	2.940337e-002
2.424767511833923e-005	5.000000e+000	1.987714e-002
2.563363087589154e-005	5.000000e+000	1.346755e-002
2.702214266761250e-005	5.000000e+000	9.116822e-003
2.840267412006800e-005	5.000000e+000	6.183777e-003
2.978551417712436e-005	5.000000e+000	4.191722e-003
3.116372394187721e-005	5.000000e+000	2.844701e-003
3.254423158179425e-005	5.000000e+000	1.929354e-003
3.392172069836960e-005	5.000000e+000	1.309533e-003
3.530097241249949e-005	5.000000e+000	8.884202e-004
3.667818920844006e-005	5.000000e+000	6.030389e-004
3.805675645078024e-005	5.000000e+000	4.091846e-004
3.943394348931697e-005	5.000000e+000	2.787914e-004
4.098437899968277e-005	5.000000e+000	1.818499e-004
4.269848091174862e-005	5.000000e+000	1.139077e-004
4.484210485899756e-005	5.000000e+000	6.385653e-005
4.737672776479563e-005	5.000000e+000	3.233018e-005
5.074960876733600e-005	5.000000e+000	1.334804e-005
5.524741740018386e-005	5.000000e+000	4.173984e-006
6.213716404760833e-005	5.000000e+000	7.043222e-007
8.213716404760833e-005	5.000000e+000	1.832993e-009
1.164228783333227e-004	5.000000e+000	2.612344e-009
1.507085926190370e-004	5.000000e+000	3.214569e-009
1.849943069047513e-004	5.000000e+000	3.639667e-009
2.192800211904656e-004	5.000000e+000	3.887638e-009
2.535657354761799e-004	5.000000e+000	3.958483e-009
2.878514497618943e-004	5.000000e+000	3.852201e-009
3.221371640476085e-004	5.000000e+000	3.568793e-009
6.407085926190381e-004	5.000000e+000	3.568793e-009
9.592800211904675e-004	5.000000e+000	3.568793e-009
1.277851449761897e-003	5.000000e+000	3.568793e-009
1.596422878333327e-003	5.000000e+000	3.568793e-009
1.914994306904756e-003	5.000000e+000	3.568793e-009
2.233565735476186e-003	5.000000e+000	3.568793e-009
2.552137164047614e-003	5.000000e+000	3.568793e-009
5.000000000000000e-003	5.000000e+000	3.568793e-009
5.000001000000000e-003	5.000000e+000	3.568793e-009
5.000001002200000e-003	4.989000e+000	-3.408142e-005
5.000001006600001e-003	4.967000e+000	-1.022547e-004
5.000001138600001e-003	4.307000e+000	-2.147513e-003
5.000001279400002e-003	3.603000e+000	-4.326953e-003
5.000001561000004e-003	2.195000e+000	-8.653872e-003
5.000002000000000e-003	0.000000e+000	-1.533063e-002
5.000002000966133e-003	0.000000e+000	-1.533005e-002
5.000002002898398e-003	0.000000e+000	-1.532890e-002
5.000006524951090e-003	0.000000e+000	-1.262984e-002
5.000011047003782e-003	0.000000e+000	-9.931379e-003
5.000015569056475e-003	0.000000e+000	-7.233499e-003
5.000020091109168e-003	0.000000e+000	-4.536207e-003
5.000024613161860e-003	0.000000e+000	-1.839501e-003
5.000029135214553e-003	0.000000e+000	8.566186e-004
5.000033657267245e-003	0.000000e+000	3.552151e-003
5.000065315500624e-003	0.000000e+000	2.241025e-002
5.000120522609584e-003	0.000000e+000	5.525443e-002
5.000176473360428e-003	0.000000e+000	8.848656e-002
5.000266491364020e-003	0.000000e+000	1.418479e-001
5.000357874436116e-003	0.000000e+000	1.958785e-001
5.000458954626554e-003	0.000000e+000	2.554383e-001
5.000567325458918e-003	0.000000e+000	3.189881e-001
5.000784067123645e-003	0.000000e+000	4.450732e-001
5.001217550453099e-003	0.000000e+000	6.934615e-001
5.002084517112009e-003	0.000000e+000	1.176054e+000
5.003412058911194e-003	0.000000e+000	1.870596e+000
5.005149217794568e-003	0.000000e+000	2.675853e+000
5.006881288187478e-003	0.000000e+000	3.330560e+000
5.008740247102086e-003	0.000000e+000	3.858500e+000
5.010640673908448e-003	0.000000e+000	4.239232e+000
5.012730350473743e-003	0.000000e+000	4.516215e+000
5.015161832997926e-003	0.000000e+000	4.717590e+000
5.017721144934932e-003	0.000000e+000	4.841604e+000
5.020606653969704e-003	0.000000e+000	4.917443e+000
5.023816416647483e-003	0.000000e+000	4.959931e+000
5.027754111612192e-003	0.000000e+000	4.983304e+000
5.032562818063424e-003	0.000000e+000	4.994261e+000
5.039033958595572e-003	0.000000e+000	4.998612e+000
5.048028869660432e-003	0.000000e+000	4.999853e+000
5.058028869660431e-003	0.000000e+000	5.000001e+000
5.068028869660431e-003	0.000000e+000	5.000000e+000
8.698028869660283e-003	0.000000e+000	5.000000e+000
9.999999000000001e-003	0.000000e+000	5.000000e+000
1.000000000000000e-002	0.000000e+000	5.000000e+000
1.000000000961249e-002	4.806244e-002	5.000143e+000
1.000000002883746e-002	1.441873e-001	5.000430e+000
1.000000029798712e-002	1.489936e+000	5.004436e+000
1.000000060558673e-002	3.027934e+000	5.008975e+000
1.000000100000000e-002	5.000000e+000	5.014741e+000
1.000000100086758e-002	5.000000e+000	5.014740e+000
1.000000100260273e-002	5.000000e+000	5.014740e+000
1.000005785663420e-002	5.000000e+000	4.987380e+000
1.000011471413597e-002	5.000000e+000	4.960024e+000
1.000017167443113e-002	5.000000e+000	4.932619e+000
1.000028559502145e-002	5.000000e+000	4.877800e+000
1.000045281041862e-002	5.000000e+000	4.797337e+000
1.000057854329114e-002	5.000000e+000	4.736869e+000
1.000074678706276e-002	5.000000e+000	4.656051e+000
1.000108327460599e-002	5.000000e+000	4.494749e+000
1.000175624969246e-002	5.000000e+000	4.173458e+000
1.000310219986539e-002	5.000000e+000	3.536556e+000
1.000468318145848e-002	5.000000e+000	2.809932e+000
1.000633005574932e-002	5.000000e+000	2.113894e+000
1.000807373276239e-002	5.000000e+000	1.495278e+000
1.001007470742594e-002	5.000000e+000	9.730073e-001
1.001297174948071e-002	5.000000e+000	4.650503e-001
1.001447296876749e-002	5.000000e+000	2.973003e-001
1.001571207250604e-002	5.000000e+000	2.122527e-001
1.001715677774414e-002	5.000000e+000	1.440845e-001
1.001868464136312e-002	5.000000e+000	9.455631e-002
1.002015798012462e-002	5.000000e+000	6.254704e-002
1.002157386070471e-002	5.000000e+000	4.201909e-002
1.002296875349071e-002	5.000000e+000	2.841530e-002
1.002436110438579e-002	5.000000e+000	1.922710e-002
1.002574835575590e-002	5.000000e+000	1.302350e-002
1.002713665452684e-002	5.000000e+000	8.816279e-003
1.002851767887155e-002	5.000000e+000	5.978955e-003
1.002989974041613e-002	5.000000e+000	4.053677e-003
1.003127822815521e-002	5.000000e+000	2.750832e-003
1.003265833745832e-002	5.000000e+000	1.865882e-003
1.003403611421975e-002	5.000000e+000	1.266355e-003
1.003541509045215e-002	5.000000e+000	8.591873e-004
1.003679250211425e-002	5.000000e+000	5.831667e-004
1.003817087451295e-002	5.000000e+000	3.957204e-004
1.003954820718154e-002	5.000000e+000	2.692696e-004
1.004104016779510e-002	5.000000e+000	1.781413e-004
1.004267852244056e-002	5.000000e+000	1.138255e-004
1.004470737111504e-002	5.000000e+000	6.572630e-005
1.004708653558490e-002	5.000000e+000	3.463476e-005
1.005021024312636e-002	5.000000e+000	1.518906e-005
1.005428396585464e-002	5.000000e+000	5.260452e-006
1.006034624974613e-002	5.000000e+000	1.152449e-006
1.007019229706914e-002	5.000000e+000	5.282938e-008
1.500000000000173e-002	5.000000e+000	3.568793e-009
1.500000100000000e-002	5.000000e+000	3.568793e-009
1.500000100220000e-002	4.989000e+000	-3.408135e-005
1.500000100659999e-002	4.967000e+000	-1.022545e-004
1.500000113859976e-002	4.307001e+000	-2.147510e-003
1.500000127939952e-002	3.603002e+000	-4.326945e-003
1.500000156099904e-002	2.195005e+000	-8.653858e-003
1.500000200000000e-002	0.000000e+000	-1.533063e-002
1.500000200096614e-002	0.000000e+000	-1.533005e-002
1.500000200289841e-002	0.000000e+000	-1.532890e-002
1.500000652496101e-002	0.000000e+000	-1.262984e-002
1.500001104702361e-002	0.000000e+000	-9.931366e-003
1.500001556908622e-002	0.000000e+000	-7.233481e-003
1.500002009114882e-002	0.000000e+000	-4.536182e-003
1.500002461321142e-002	0.000000e+000	-1.839470e-003
1.500002913527403e-002	0.000000e+000	8.566546e-004
1.500003365733663e-002	0.000000e+000	3.552193e-003
1.500006531563940e-002	0.000000e+000	2.241033e-002
1.500012052236562e-002	0.000000e+000	5.525429e-002
1.500017647323662e-002	0.000000e+000	8.848649e-002
1.500026649121871e-002	0.000000e+000	1.418478e-001
1.500035787429783e-002	0.000000e+000	1.958784e-001
1.500045895422921e-002	0.000000e+000	2.554380e-001
1.500056732500262e-002	0.000000e+000	3.189878e-001
1.500078406654944e-002	0.000000e+000	4.450729e-001
1.500121754964307e-002	0.000000e+000	6.934610e-001
1.500208451583033e-002	0.000000e+000	1.176053e+000
1.500341205724986e-002	0.000000e+000	1.870595e+000
1.500514921516378e-002	0.000000e+000	2.675852e+000
1.500688128531547e-002	0.000000e+000	3.330559e+000
1.500874024443173e-002	0.000000e+000	3.858500e+000
1.501064067099719e-002	0.000000e+000	4.239232e+000
1.501273035028978e-002	0.000000e+000	4.516215e+000
1.501516183434236e-002	0.000000e+000	4.717591e+000
1.501772114671536e-002	0.000000e+000	4.841604e+000
1.502060665538867e-002	0.000000e+000	4.917443e+000
1.502381641834202e-002	0.000000e+000	4.959931e+000
1.502775411356534e-002	0.000000e+000	4.983304e+000
1.503256282097854e-002	0.000000e+000	4.994261e+000
1.503903396226479e-002	0.000000e+000	4.998612e+000
1.504802887552643e-002	0.000000e+000	4.999853e+000
1.505802887552643e-002	0.000000e+000	5.000001e+000
1.506802887552643e-002	0.000000e+000	5.000000e+000
1.665802887552637e-002	0.000000e+000	5.000000e+000
1.999999900000000e-002	0.000000e+000	5.000000e+000
2.000000000000000e-002	0.000000e+000	5.000000e+000
2.000000000961249e-002	4.806244e-002	5.000143e+000
2.000000002883746e-002	1.441873e-001	5.000430e+000
2.000000029798712e-002	1.489936e+000	5.004436e+000
2.000000060558672e-002	3.027934e+000	5.008975e+000
2.000000100000000e-002	5.000000e+000	5.014741e+000
2.000000100086758e-002	5.000000e+000	5.014740e+000
2.000000100260273e-002	5.000000e+000	5.014740e+000
2.000005785663767e-002	5.000000e+000	4.987380e+000
2.000011471414291e-002	5.000000e+000	4.960024e+000
2.000017167443969e-002	5.000000e+000	4.932618e+000
2.000028559503325e-002	5.000000e+000	4.877800e+000
2.000045281042530e-002	5.000000e+000	4.797337e+000
2.000057854330074e-002	5.000000e+000	4.736869e+000
2.000074678707249e-002	5.000000e+000	4.656051e+000
2.000108327461600e-002	5.000000e+000	4.494749e+000
2.000175624970301e-002	5.000000e+000	4.173458e+000
2.000310219987705e-002	5.000000e+000	3.536556e+000
2.000468318147809e-002	5.000000e+000	2.809932e+000
2.000633005576675e-002	5.000000e+000	2.113894e+000
2.000807373278508e-002	5.000000e+000	1.495278e+000
2.001007470745128e-002	5.000000e+000	9.730073e-001
2.001297174952549e-002	5.000000e+000	4.650503e-001
2.001447296881833e-002	5.000000e+000	2.973003e-001
2.001571207255527e-002	5.000000e+000	2.122527e-001
2.001715677779282e-002	5.000000e+000	1.440845e-001
2.001868464140752e-002	5.000000e+000	9.455631e-002
2.002015798016932e-002	5.000000e+000	6.254704e-002
2.002157386074788e-002	5.000000e+000	4.201909e-002
2.002296875353463e-002	5.000000e+000	2.841530e-002
2.002436110442866e-002	5.000000e+000	1.922710e-002
2.002574835579933e-002	5.000000e+000	1.302350e-002
2.002713665456955e-002	5.000000e+000	8.816279e-003
2.002851767891471e-002	5.000000e+000	5.978955e-003
2.002989974045882e-002	5.000000e+000	4.053677e-003
2.003127822819824e-002	5.000000e+000	2.750832e-003
2.003265833750102e-002	5.000000e+000	1.865882e-003
2.003403611426269e-002	5.000000e+000	1.266355e-003
2.003541509049486e-002	5.000000e+000	8.591872e-004
2.003679250215714e-002	5.000000e+000	5.831667e-004
2.003817087455568e-002	5.000000e+000	3.957204e-004
2.003954820722440e-002	5.000000e+000	2.692696e-004
2.004104016773701e-002	5.000000e+000	1.781413e-004
2.004267852225135e-002	5.000000e+000	1.138255e-004
2.004470737072862e-002	5.000000e+000	6.572631e-005
2.004708653493211e-002	5.000000e+000	3.463477e-005
2.005021024205136e-002	5.000000e+000	1.518906e-005
2.005428396407137e-002	5.000000e+000	5.260455e-006
2.006034624661039e-002	5.000000e+000	1.152450e-006
2.007019229092957e-002	5.000000e+000	5.282951e-008
2.500000000000000e-002	5.000000e+000	3.568793e-009
2.500000100000000e-002	5.000000e+000	3.568793e-009
2.500000100220000e-002	4.989000e+000	-3.408143e-005
2.500000100660000e-002	4.967000e+000	-1.022547e-004
2.500000106820000e-002	4.659000e+000	-1.056716e-003
2.500000113860000e-002	4.307000e+000	-2.147513e-003
2.500000127940000e-002	3.603000e+000	-4.326953e-003
2.500000156100000e-002	2.195000e+000	-8.653872e-003
2.500000200000000e-002	0.000000e+000	-1.533063e-002
2.500000200096613e-002	0.000000e+000	-1.533005e-002
2.500000200289840e-002	0.000000e+000	-1.532890e-002
2.500000652494930e-002	0.000000e+000	-1.262985e-002
2.500001104700021e-002	0.000000e+000	-9.931381e-003
2.500001556905112e-002	0.000000e+000	-7.233502e-003
2.500002009110202e-002	0.000000e+000	-4.536211e-003
2.500002461315293e-002	0.000000e+000	-1.839506e-003
2.500002913520383e-002	0.000000e+000	8.566122e-004
2.500003365725474e-002	0.000000e+000	3.552144e-003
2.500006531547561e-002	0.000000e+000	2.241023e-002
2.500012052265339e-002	0.000000e+000	5.525446e-002
2.500017647338260e-002	0.000000e+000	8.848657e-002
2.500026649139003e-002	0.000000e+000	1.418479e-001
2.500035787446087e-002	0.000000e+000	1.958785e-001
2.500045895469775e-002	0.000000e+000	2.554383e-001
2.500056732554067e-002	0.000000e+000	3.189881e-001
2.500078406722651e-002	0.000000e+000	4.450733e-001
2.500121755059818e-002	0.000000e+000	6.934615e-001
2.500208451734154e-002	0.000000e+000	1.176054e+000
2.500341205920877e-002	0.000000e+000	1.870596e+000
2.500514921826578e-002	0.000000e+000	2.675853e+000
2.500688128870189e-002	0.000000e+000	3.330560e+000
2.500874024758038e-002	0.000000e+000	3.858500e+000
2.501064067442990e-002	0.000000e+000	4.239232e+000
2.501273035050353e-002	0.000000e+000	4.516215e+000
2.501516183275170e-002	0.000000e+000	4.717590e+000
2.501772114461013e-002	0.000000e+000	4.841604e+000
2.502060665370924e-002	0.000000e+000	4.917443e+000
2.502381641633691e-002	0.000000e+000	4.959931e+000
2.502775411125345e-002	0.000000e+000	4.983304e+000
2.503256281752994e-002	0.000000e+000	4.994261e+000
2.503903395792267e-002	0.000000e+000	4.998612e+000
2.504802886858690e-002	0.000000e+000	4.999853e+000
2.505802886858690e-002	0.000000e+000	5.000001e+000
2.506802886858690e-002	0.000000e+000	5.000000e+000
2.999999899999913e-002	0.000000e+000	5.000000e+000
3.000000000000000e-002	0.000000e+000	5.000000e+000
3.000000000961249e-002	4.806247e-002	5.000143e+000
3.000000002883748e-002	1.441874e-001	5.000430e+000
3.000000029798735e-002	1.489937e+000	5.004436e+000
3.000000060558719e-002	3.027936e+000	5.008975e+000
3.000000100000000e-002	5.000000e+000	5.014741e+000
3.000000100086758e-002	5.000000e+000	5.014740e+000
3.000000100260273e-002	5.000000e+000	5.014740e+000
3.000005785656061e-002	5.000000e+000	4.987380e+000
3.000011471398881e-002	5.000000e+000	4.960024e+000
3.000017167425036e-002	5.000000e+000	4.932619e+000
3.000028559477348e-002	5.000000e+000	4.877800e+000
3.000045281027807e-002	5.000000e+000	4.797337e+000
3.000057854308944e-002	5.000000e+000	4.736869e+000
3.000074678685824e-002	5.000000e+000	4.656051e+000
3.000108327439584e-002	5.000000e+000	4.494749e+000
3.000175624947105e-002	5.000000e+000	4.173459e+000
3.000310219962148e-002	5.000000e+000	3.536556e+000
3.000468318104779e-002	5.000000e+000	2.809932e+000
3.000633005536107e-002	5.000000e+000	2.113894e+000
3.000807373227175e-002	5.000000e+000	1.495278e+000
3.001007470686703e-002	5.000000e+000	9.730074e-001
3.001297174851171e-002	5.000000e+000	4.650504e-001
3.001447296766789e-002	5.000000e+000	2.973004e-001
3.001571207143969e-002	5.000000e+000	2.122528e-001
3.001715677668952e-002	5.000000e+000	1.440846e-001
3.001868464040096e-002	5.000000e+000	9.455634e-002
3.002015797915611e-002	5.000000e+000	6.254706e-002
3.002157385976936e-002	5.000000e+000	4.201910e-002
3.002296875253930e-002	5.000000e+000	2.841531e-002
3.002436110345688e-002	5.000000e+000	1.922710e-002
3.002574835481502e-002	5.000000e+000	1.302351e-002
3.002713665360142e-002	5.000000e+000	8.816280e-003
3.002851767793651e-002	5.000000e+000	5.978956e-003
3.002989973949119e-002	5.000000e+000	4.053677e-003
3.003127822722308e-002	5.000000e+000	2.750833e-003
3.003265833653321e-002	5.000000e+000	1.865883e-003
3.003403611328939e-002	5.000000e+000	1.266356e-003
3.003541508952666e-002	5.000000e+000	8.591875e-004
3.003679250118495e-002	5.000000e+000	5.831668e-004
3.003817087358707e-002	5.000000e+000	3.957205e-004
3.003954820625292e-002	5.000000e+000	2.692697e-004
3.004104016880002e-002	5.000000e+000	1.781412e-004
3.004267852595662e-002	5.000000e+000	1.138255e-004
3.004470737840808e-002	5.000000e+000	6.572618e-005
3.004708654797953e-002	5.000000e+000	3.463466e-005
3.005021026360710e-002	5.000000e+000	1.518898e-005
3.005428399990015e-002	5.000000e+000	5.260408e-006
3.006034630969432e-002	5.000000e+000	1.152432e-006
3.007019241454721e-002	5.000000e+000	5.282695e-008
3.364019241454790e-002	5.000000e+000	3.568793e-009
3.500000000085039e-002	5.000000e+000	3.555346e-009
3.500000100000000e-002	5.000000e+000	3.515049e-009
3.500000100219813e-002	4.989009e+000	-3.405251e-005
3.500000100659440e-002	4.967028e+000	-1.021679e-004
3.500000113848215e-002	4.307589e+000	-2.145687e-003
3.500000127916241e-002	3.604188e+000	-4.323280e-003
3.500000156052294e-002	2.197385e+000	-8.646538e-003
3.500000200000000e-002	0.000000e+000	-1.533059e-002
3.500000200096719e-002	0.000000e+000	-1.533001e-002
3.500000200290155e-002	0.000000e+000	-1.532885e-002
3.500000652986721e-002	0.000000e+000	-1.262687e-002
3.500001105683288e-002	0.000000e+000	-9.925472e-003
3.500001558379854e-002	0.000000e+000	-7.224663e-003
3.500002011076420e-002	0.000000e+000	-4.524442e-003
3.500002463772987e-002	0.000000e+000	-1.824809e-003
3.500002916469553e-002	0.000000e+000	8.742361e-004
3.500003369166119e-002	0.000000e+000	3.572693e-003
3.500006538428957e-002	0.000000e+000	2.245128e-002
3.500012040297387e-002	0.000000e+000	5.518338e-002
3.500017641354591e-002	0.000000e+000	8.845107e-002
3.500026642147520e-002	0.000000e+000	1.418065e-001
3.500035780794571e-002	0.000000e+000	1.958393e-001
3.500045876307074e-002	0.000000e+000	2.553257e-001
3.500056710576533e-002	0.000000e+000	3.188595e-001
3.500078379115451e-002	0.000000e+000	4.449131e-001
3.500121716193287e-002	0.000000e+000	6.932403e-001
3.500208390348960e-002	0.000000e+000	1.175719e+000
3.500341126244555e-002	0.000000e+000	1.870203e+000
3.500514795710687e-002	0.000000e+000	2.675331e+000
3.500687991207196e-002	0.000000e+000	3.330104e+000
3.500873896766567e-002	0.000000e+000	3.858192e+000
3.501063927892213e-002	0.000000e+000	4.238985e+000
3.501273026408645e-002	0.000000e+000	4.516182e+000
3.501516248031667e-002	0.000000e+000	4.717628e+000
3.501772200149658e-002	0.000000e+000	4.841638e+000
3.502060733758305e-002	0.000000e+000	4.917458e+000
3.502381723274996e-002	0.000000e+000	4.959939e+000
3.502775505273063e-002	0.000000e+000	4.983308e+000
3.503256422160775e-002	0.000000e+000	4.994263e+000
3.503903572609896e-002	0.000000e+000	4.998613e+000
3.504803169413417e-002	0.000000e+000	4.999853e+000
3.505803169413418e-002	0.000000e+000	5.000001e+000
3.506803169413418e-002	0.000000e+000	5.000000e+000
3.999999900000000e-002	0.000000e+000	5.000000e+000
4.000000000000000e-002	0.000000e+000	5.000000e+000
4.000000000961249e-002	4.806242e-002	5.000143e+000
4.000000002883746e-002	1.441873e-001	5.000430e+000
4.000000029798712e-002	1.489936e+000	5.004436e+000
4.000000060558672e-002	3.027934e+000	5.008975e+000
4.000000100000000e-002	5.000000e+000	5.014741e+000
4.000000100086758e-002	5.000000e+000	5.014740e+000
4.000000100260273e-002	5.000000e+000	5.014740e+000
4.000005785660817e-002	5.000000e+000	4.987380e+000
4.000011471408391e-002	5.000000e+000	4.960024e+000
4.000017167436729e-002	5.000000e+000	4.932618e+000
4.000028559493406e-002	5.000000e+000	4.877800e+000
4.000045281036915e-002	5.000000e+000	4.797337e+000
4.000057854322009e-002	5.000000e+000	4.736869e+000
4.000074678699073e-002	5.000000e+000	4.656051e+000
4.000108327453202e-002	5.000000e+000	4.494749e+000
4.000175624961460e-002	5.000000e+000	4.173458e+000
4.000310219977975e-002	5.000000e+000	3.536556e+000
4.000468318131401e-002	5.000000e+000	2.809932e+000
4.000633005561190e-002	5.000000e+000	2.113894e+000
4.000807373258918e-002	5.000000e+000	1.495278e+000
4.001007470722823e-002	5.000000e+000	9.730074e-001
4.001297174913845e-002	5.000000e+000	4.650503e-001
4.001447296837910e-002	5.000000e+000	2.973003e-001
4.001571207212935e-002	5.000000e+000	2.122527e-001
4.001715677737159e-002	5.000000e+000	1.440845e-001
4.001868464102323e-002	5.000000e+000	9.455632e-002
4.002015797978250e-002	5.000000e+000	6.254705e-002
4.002157386037430e-002	5.000000e+000	4.201910e-002
4.002296875315464e-002	5.000000e+000	2.841530e-002
4.002436110405765e-002	5.000000e+000	1.922710e-002
4.002574835542354e-002	5.000000e+000	1.302350e-002
4.002713665419994e-002	5.000000e+000	8.816279e-003
4.002851767854125e-002	5.000000e+000	5.978955e-003
4.002989974008940e-002	5.000000e+000	4.053677e-003
4.003127822782594e-002	5.000000e+000	2.750832e-003
4.003265833713153e-002	5.000000e+000	1.865882e-003
4.003403611389110e-002	5.000000e+000	1.266355e-003
4.003541509012522e-002	5.000000e+000	8.591873e-004
4.003679250178598e-002	5.000000e+000	5.831667e-004
4.003817087418588e-002	5.000000e+000	3.957204e-004
4.003954820685351e-002	5.000000e+000	2.692696e-004
4.004104016815225e-002	5.000000e+000	1.781413e-004
4.004267852368757e-002	5.000000e+000	1.138255e-004
4.004470737370048e-002	5.000000e+000	6.572626e-005
4.004708653997817e-002	5.000000e+000	3.463473e-005
4.005021025038506e-002	5.000000e+000	1.518903e-005
4.005428397792022e-002	5.000000e+000	5.260437e-006
4.006034627099071e-002	5.000000e+000	1.152443e-006
4.007019233870025e-002	5.000000e+000	5.282852e-008
4.160019233870072e-002	5.000000e+000	3.568793e-009
4.500000000000000e-002	5.000000e+000	3.568793e-009
4.500000100000000e-002	5.000000e+000	3.568793e-009
4.500000100220000e-002	4.989000e+000	-3.408134e-005
4.500000100660000e-002	4.967000e+000	-1.022546e-004
4.500000113860000e-002	4.307000e+000	-2.147513e-003
4.500000127940000e-002	3.603000e+000	-4.326953e-003
4.500000156100000e-002	2.195000e+000	-8.653872e-003
4.500000200000000e-002	1.997901e-008	-1.533063e-002
4.500000200096613e-002	0.000000e+000	-1.533005e-002
4.500000200289839e-002	0.000000e+000	-1.532890e-002
4.500000652494235e-002	0.000000e+000	-1.262985e-002
4.500001104698630e-002	0.000000e+000	-9.931389e-003
4.500001556903027e-002	0.000000e+000	-7.233515e-003
4.500002009107423e-002	0.000000e+000	-4.536227e-003
4.500002461311819e-002	0.000000e+000	-1.839527e-003
4.500002913516214e-002	0.000000e+000	8.565874e-004
4.500003365720610e-002	0.000000e+000	3.552115e-003
4.500006531537835e-002	0.000000e+000	2.241018e-002
4.500012052282371e-002	0.000000e+000	5.525468e-002
4.500017595403181e-002	0.000000e+000	8.817849e-002
4.500026569059761e-002	0.000000e+000	1.413737e-001
4.500035709977129e-002	0.000000e+000	1.954216e-001
4.500045701462987e-002	0.000000e+000	2.542980e-001
4.500056498202617e-002	0.000000e+000	3.176160e-001
4.500078091681876e-002	0.000000e+000	4.432461e-001
4.500121278640395e-002	0.000000e+000	6.907517e-001
4.500207652557432e-002	0.000000e+000	1.171687e+000
4.500340214041741e-002	0.000000e+000	1.865699e+000
4.500513333054642e-002	0.000000e+000	2.669268e+000
4.500686387412697e-002	0.000000e+000	3.324774e+000
4.500872405345439e-002	0.000000e+000	3.854594e+000
4.501062306420309e-002	0.000000e+000	4.236104e+000
4.501272930377312e-002	0.000000e+000	4.515798e+000
4.501517005334483e-002	0.000000e+000	4.718063e+000
4.501773202895111e-002	0.000000e+000	4.842034e+000
4.502061534244839e-002	0.000000e+000	4.917636e+000
4.502382680644251e-002	0.000000e+000	4.960033e+000
4.502776608153864e-002	0.000000e+000	4.983351e+000
4.503258068140400e-002	0.000000e+000	4.994284e+000
4.503905644154530e-002	0.000000e+000	4.998620e+000
4.504806482976300e-002	0.000000e+000	4.999854e+000
4.505806482976300e-002	0.000000e+000	5.000002e+000
4.506806482976301e-002	0.000000e+000	5.000000e+000
4.999999900000000e-002	0.000000e+000	5.000000e+000
5.000000000000000e-002	0.000000e+000	5.000000e+000
5.000000000961249e-002	4.806242e-002	5.000143e+000
5.000000002883746e-002	1.441873e-001	5.000430e+000
5.000000029798712e-002	1.489936e+000	5.004436e+000
5.000000060558672e-002	3.027934e+000	5.008975e+000
5.000000100000000e-002	5.000000e+000	5.014741e+000
5.000000100086758e-002	5.000000e+000	5.014740e+000
5.000000100260273e-002	5.000000e+000	5.014740e+000
5.000005785660817e-002	5.000000e+000	4.987380e+000
5.000011471408391e-002	5.000000e+000	4.960024e+000
5.000017167436732e-002	5.000000e+000	4.932618e+000
5.000028559493414e-002	5.000000e+000	4.877800e+000
5.000045281036919e-002	5.000000e+000	4.797337e+000
5.000057854322016e-002	5.000000e+000	4.736869e+000
5.000074678699081e-002	5.000000e+000	4.656051e+000
5.000108327453211e-002	5.000000e+000	4.494749e+000
5.000175624961471e-002	5.000000e+000	4.173458e+000
5.000310219977990e-002	5.000000e+000	3.536556e+000
5.000468318131421e-002	5.000000e+000	2.809932e+000
5.000633005561086e-002	5.000000e+000	2.113894e+000
5.000807373258859e-002	5.000000e+000	1.495278e+000
5.001007470722697e-002	5.000000e+000	9.730074e-001
5.001297174913722e-002	5.000000e+000	4.650503e-001
5.001447296837773e-002	5.000000e+000	2.973003e-001
5.001571207212794e-002	5.000000e+000	2.122527e-001
5.001715677737019e-002	5.000000e+000	1.440845e-001
5.001868464102195e-002	5.000000e+000	9.455632e-002
5.002015797978122e-002	5.000000e+000	6.254705e-002
5.002157386037306e-002	5.000000e+000	4.201910e-002
5.002296875315338e-002	5.000000e+000	2.841530e-002
5.002436110405642e-002	5.000000e+000	1.922710e-002
5.002574835542230e-002	5.000000e+000	1.302350e-002
5.002713665419871e-002	5.000000e+000	8.816279e-003
5.002851767854002e-002	5.000000e+000	5.978955e-003
5.002989974008817e-002	5.000000e+000	4.053677e-003
5.003127822782471e-002	5.000000e+000	2.750832e-003
5.003265833713030e-002	5.000000e+000	1.865882e-003
5.003403611388987e-002	5.000000e+000	1.266356e-003
5.003541509012400e-002	5.000000e+000	8.591873e-004
5.003679250178476e-002	5.000000e+000	5.831667e-004
5.003817087418466e-002	5.000000e+000	3.957204e-004
5.003954820685228e-002	5.000000e+000	2.692696e-004
5.004104016814755e-002	5.000000e+000	1.781413e-004
5.004267852367835e-002	5.000000e+000	1.138255e-004
5.004470737368447e-002	5.000000e+000	6.572626e-005
5.004708653995298e-002	5.000000e+000	3.463473e-005
5.005021025034532e-002	5.000000e+000	1.518903e-005
5.005428397785607e-002	5.000000e+000	5.260437e-006
5.006034627087997e-002	5.000000e+000	1.152443e-006
5.007019233848602e-002	5.000000e+000	5.282853e-008
5.500000000000001e-002	5.000000e+000	3.555357e-009
5.500000100000001e-002	5.000000e+000	3.515049e-009
5.500000100220000e-002	4.989000e+000	-3.408143e-005
5.500000100660001e-002	4.967000e+000	-1.022547e-004
5.500000113860001e-002	4.307000e+000	-2.147513e-003
5.500000127940001e-002	3.603000e+000	-4.326953e-003
5.500000156100001e-002	2.195000e+000	-8.653872e-003
5.500000200000001e-002	0.000000e+000	-1.533063e-002
5.500000200096614e-002	0.000000e+000	-1.533005e-002
5.500000200289840e-002	0.000000e+000	-1.532890e-002
5.500000652494906e-002	0.000000e+000	-1.262985e-002
5.500001104699971e-002	0.000000e+000	-9.931381e-003
5.500001556905037e-002	0.000000e+000	-7.233503e-003
5.500002009110102e-002	0.000000e+000	-4.536211e-003
5.500002461315168e-002	0.000000e+000	-1.839507e-003
5.500002913520233e-002	0.000000e+000	8.566114e-004
5.500003365725299e-002	0.000000e+000	3.552143e-003
5.500006531547209e-002	0.000000e+000	2.241023e-002
5.500012052265955e-002	0.000000e+000	5.525446e-002
5.500017647338572e-002	0.000000e+000	8.848657e-002
5.500026649139369e-002	0.000000e+000	1.418479e-001
5.500035787446436e-002	0.000000e+000	1.958785e-001
5.500045895470777e-002	0.000000e+000	2.554383e-001
5.500056732555218e-002	0.000000e+000	3.189881e-001
5.500078406724099e-002	0.000000e+000	4.450733e-001
5.500121755061861e-002	0.000000e+000	6.934616e-001
5.500208451737387e-002	0.000000e+000	1.176054e+000
5.500341205925067e-002	0.000000e+000	1.870596e+000
5.500514921833214e-002	0.000000e+000	2.675853e+000
5.500688128877434e-002	0.000000e+000	3.330560e+000
5.500874024764774e-002	0.000000e+000	3.858500e+000
5.501064067450333e-002	0.000000e+000	4.239232e+000
5.501273035050554e-002	0.000000e+000	4.516215e+000
5.501516183271329e-002	0.000000e+000	4.717590e+000
5.501772114456032e-002	0.000000e+000	4.841604e+000
5.502060665366821e-002	0.000000e+000	4.917443e+000
5.502381641628831e-002	0.000000e+000	4.959931e+000
5.502775411119680e-002	0.000000e+000	4.983304e+000
5.503256281744700e-002	0.000000e+000	4.994261e+000
5.503903395781708e-002	0.000000e+000	4.998612e+000
5.504802886841996e-002	0.000000e+000	4.999853e+000
5.505802886841996e-002	0.000000e+000	5.000001e+000
5.506802886841997e-002	0.000000e+000	5.000000e+000
5.869802886842108e-002	0.000000e+000	5.000000e+000
5.999999800000002e-002	0.000000e+000	5.000000e+000
5.999999900000001e-002	0.000000e+000	5.000000e+000
6.000000000000001e-002	3.469447e-008	5.000000e+000
6.000000000961249e-002	4.806246e-002	5.000143e+000
6.000000002883747e-002	1.441873e-001	5.000430e+000
6.000000029798711e-002	1.489936e+000	5.004436e+000
6.000000060558671e-002	3.027934e+000	5.008975e+000
6.000000100000000e-002	5.000000e+000	5.014741e+000
6.000000100086757e-002	5.000000e+000	5.014740e+000
6.000000100260273e-002	5.000000e+000	5.014740e+000
6.000005785662108e-002	5.000000e+000	4.987380e+000
6.000011471410974e-002	5.000000e+000	4.960024e+000
6.000017167439894e-002	5.000000e+000	4.932619e+000
6.000028559497735e-002	5.000000e+000	4.877800e+000
6.000045281039366e-002	5.000000e+000	4.797337e+000
6.000057854325529e-002	5.000000e+000	4.736869e+000
6.000074678702642e-002	5.000000e+000	4.656051e+000
6.000108327456866e-002	5.000000e+000	4.494749e+000
6.000175624965316e-002	5.000000e+000	4.173458e+000
6.000310219982215e-002	5.000000e+000	3.536556e+000
6.000468318138555e-002	5.000000e+000	2.809932e+000
6.000633005567845e-002	5.000000e+000	2.113894e+000
6.000807373267395e-002	5.000000e+000	1.495278e+000
6.001007470732429e-002	5.000000e+000	9.730073e-001
6.001297174930589e-002	5.000000e+000	4.650503e-001
6.001447296856913e-002	5.000000e+000	2.973003e-001
6.001571207231356e-002	5.000000e+000	2.122527e-001
6.001715677755377e-002	5.000000e+000	1.440845e-001
6.001868464118942e-002	5.000000e+000	9.455632e-002
6.002015797994981e-002	5.000000e+000	6.254704e-002
6.002157386053587e-002	5.000000e+000	4.201909e-002
6.002296875331899e-002	5.000000e+000	2.841530e-002
6.002436110421811e-002	5.000000e+000	1.922710e-002
6.002574835558607e-002	5.000000e+000	1.302350e-002
6.002713665435979e-002	5.000000e+000	8.816279e-003
6.002851767870278e-002	5.000000e+000	5.978955e-003
6.002989974024918e-002	5.000000e+000	4.053677e-003
6.003127822798696e-002	5.000000e+000	2.750832e-003
6.003265833729134e-002	5.000000e+000	1.865882e-003
6.003403611405182e-002	5.000000e+000	1.266355e-003
6.003541509028509e-002	5.000000e+000	8.591873e-004
6.003679250194651e-002	5.000000e+000	5.831667e-004
6.003817087434583e-002	5.000000e+000	3.957204e-004
6.003954820701393e-002	5.000000e+000	2.692696e-004
6.004104016798989e-002	5.000000e+000	1.781413e-004
6.004267852310603e-002	5.000000e+000	1.138255e-004
6.004470737248843e-002	5.000000e+000	6.572628e-005
6.004708653791450e-002	5.000000e+000	3.463474e-005
6.005021024697156e-002	5.000000e+000	1.518904e-005
6.005428397224234e-002	5.000000e+000	5.260444e-006
6.006034626098886e-002	5.000000e+000	1.152446e-006
6.007019231909488e-002	5.000000e+000	5.282892e-008
6.500000000170078e-002	5.000000e+000	3.555334e-009
6.500000100000000e-002	5.000000e+000	3.515049e-009
6.500000100219626e-002	4.989019e+000	-3.402348e-005
6.500000100658877e-002	4.967056e+000	-1.020808e-004
6.500000113836427e-002	4.308178e+000	-2.143861e-003
6.500000127892480e-002	3.605376e+000	-4.319608e-003
6.500000156004586e-002	2.199771e+000	-8.639202e-003
6.500000200000000e-002	0.000000e+000	-1.533054e-002
6.500000200096823e-002	0.000000e+000	-1.532997e-002
6.500000200290469e-002	0.000000e+000	-1.532881e-002
6.500000653478177e-002	0.000000e+000	-1.262389e-002
6.500001106665884e-002	0.000000e+000	-9.919567e-003
6.500001559853592e-002	0.000000e+000	-7.215829e-003
6.500002013041301e-002	0.000000e+000	-4.512681e-003
6.500002466229009e-002	0.000000e+000	-1.810122e-003
6.500002919416716e-002	0.000000e+000	8.918481e-004
6.500003372604424e-002	0.000000e+000	3.593229e-003
6.500006545305671e-002	0.000000e+000	2.249229e-002
6.500012028593016e-002	0.000000e+000	5.511387e-002
6.500017635683056e-002	0.000000e+000	8.841743e-002
6.500026635584770e-002	0.000000e+000	1.417677e-001
6.500035774553900e-002	0.000000e+000	1.958026e-001
6.500045858226418e-002	0.000000e+000	2.552195e-001
6.500056689896694e-002	0.000000e+000	3.187384e-001
6.500078353237244e-002	0.000000e+000	4.447631e-001
6.500121679918346e-002	0.000000e+000	6.930339e-001
6.500208333280548e-002	0.000000e+000	1.175407e+000
6.500341051954175e-002	0.000000e+000	1.869837e+000
6.500514678228685e-002	0.000000e+000	2.674844e+000
6.500687863002116e-002	0.000000e+000	3.329678e+000
6.500873777579452e-002	0.000000e+000	3.857905e+000
6.501063797915159e-002	0.000000e+000	4.238754e+000
6.501273018244495e-002	0.000000e+000	4.516151e+000
6.501516308166588e-002	0.000000e+000	4.717662e+000
6.501772279774080e-002	0.000000e+000	4.841669e+000
6.502060797258204e-002	0.000000e+000	4.917472e+000
6.502381799096711e-002	0.000000e+000	4.959947e+000
6.502775592689312e-002	0.000000e+000	4.983311e+000
6.503256552595618e-002	0.000000e+000	4.994264e+000
6.503903736832684e-002	0.000000e+000	4.998613e+000
6.504803431921225e-002	0.000000e+000	4.999853e+000
6.505803431921224e-002	0.000000e+000	5.000001e+000
6.506803431921224e-002	0.000000e+000	5.000000e+000
6.665803431921162e-002	0.000000e+000	5.000000e+000
6.999999899999998e-002	0.000000e+000	5.000000e+000
6.999999999999999e-002	0.000000e+000	5.000000e+000
7.000000000961248e-002	4.806239e-002	5.000143e+000
7.000000002883747e-002	1.441873e-001	5.000430e+000
7.000000029798718e-002	1.489936e+000	5.004436e+000
7.000000060558685e-002	3.027934e+000	5.008975e+000
7.000000099999999e-002	5.000000e+000	5.014741e+000
7.000000100086756e-002	5.000000e+000	5.014740e+000
7.000000100260272e-002	5.000000e+000	5.014740e+000
7.000005785656190e-002	5.000000e+000	4.987380e+000
7.000011471399137e-002	5.000000e+000	4.960024e+000
7.000017098744908e-002	5.000000e+000	4.932949e+000
7.000028353436452e-002	5.000000e+000	4.878792e+000
7.000045175982708e-002	5.000000e+000	4.797842e+000
7.000057694169005e-002	5.000000e+000	4.737638e+000
7.000074510622757e-002	5.000000e+000	4.656858e+000
7.000108143530259e-002	5.000000e+000	4.495630e+000
7.000175409345263e-002	5.000000e+000	4.174487e+000
7.000309940975273e-002	5.000000e+000	3.537859e+000
7.000467896592978e-002	5.000000e+000	2.811767e+000
7.000632130472959e-002	5.000000e+000	2.117345e+000
7.000806410644848e-002	5.000000e+000	1.498419e+000
7.001006347587571e-002	5.000000e+000	9.755859e-001
7.001295709458064e-002	5.000000e+000	4.667705e-001
7.001445356453846e-002	5.000000e+000	2.988942e-001
7.001569219160761e-002	5.000000e+000	2.134448e-001
7.001713866946316e-002	5.000000e+000	1.448038e-001
7.001866888433794e-002	5.000000e+000	9.493875e-002
7.002014504616982e-002	5.000000e+000	6.272759e-002
7.002155849044980e-002	5.000000e+000	4.215856e-002
7.002295163367131e-002	5.000000e+000	2.852215e-002
7.002434065885689e-002	5.000000e+000	1.931904e-002
7.002573061311550e-002	5.000000e+000	1.307666e-002
7.002711616004143e-002	5.000000e+000	8.858706e-003
7.002849941394559e-002	5.000000e+000	6.004330e-003
7.002987972102466e-002	5.000000e+000	4.072713e-003
7.003125977111829e-002	5.000000e+000	2.762633e-003
7.003263857831144e-002	5.000000e+000	1.874515e-003
7.003401744800540e-002	5.000000e+000	1.271857e-003
7.003539550423867e-002	5.000000e+000	8.631250e-004
7.003677369816617e-002	5.000000e+000	5.870110e-004
7.003825118602297e-002	5.000000e+000	3.897172e-004
7.003987118591842e-002	5.000000e+000	2.502202e-004
7.004187183500438e-002	5.000000e+000	1.455395e-004
7.004421324744529e-002	5.000000e+000	7.744093e-005
7.004727691180643e-002	5.000000e+000	3.445894e-005
7.005125044976654e-002	5.000000e+000	1.222321e-005
7.005712213575013e-002	5.000000e+000	2.798366e-006
7.006654832166773e-002	5.000000e+000	1.557136e-007
7.500000000000001e-002	5.000000e+000	3.555357e-009
7.500000100000001e-002	5.000000e+000	3.515049e-009
7.500000100220002e-002	4.989000e+000	-3.408154e-005
7.500000100660001e-002	4.967000e+000	-1.022547e-004
7.500000113860002e-002	4.307000e+000	-2.147513e-003
7.500000127940001e-002	3.603000e+000	-4.326953e-003
7.500000156100002e-002	2.195000e+000	-8.653873e-003
7.500000200000001e-002	0.000000e+000	-1.533063e-002
7.500000200096614e-002	0.000000e+000	-1.533005e-002
7.500000200289841e-002	0.000000e+000	-1.532890e-002
7.500000202995025e-002	0.000000e+000	-1.531275e-002
7.500000654815790e-002	0.000000e+000	-1.261599e-002
7.500001106636556e-002	0.000000e+000	-9.919826e-003
7.500001558457321e-002	0.000000e+000	-7.224242e-003
7.500002010278088e-002	0.000000e+000	-4.529245e-003
7.500002462098854e-002	0.000000e+000	-1.834833e-003
7.500002913919619e-002	0.000000e+000	8.589929e-004
7.500003365740385e-002	0.000000e+000	3.552233e-003
7.500006531577382e-002	0.000000e+000	2.241041e-002
7.500012052213124e-002	0.000000e+000	5.525415e-002
7.500017647311831e-002	0.000000e+000	8.848641e-002
7.500026649107995e-002	0.000000e+000	1.418477e-001
7.500035787416574e-002	0.000000e+000	1.958783e-001
7.500045895384896e-002	0.000000e+000	2.554378e-001
7.500056732456602e-002	0.000000e+000	3.189876e-001
7.500078406600012e-002	0.000000e+000	4.450726e-001
7.500121754886835e-002	0.000000e+000	6.934606e-001
7.500208451460480e-002	0.000000e+000	1.176053e+000
7.500341205566083e-002	0.000000e+000	1.870595e+000
7.500514921264749e-002	0.000000e+000	2.675851e+000
7.500688128256849e-002	0.000000e+000	3.330558e+000
7.500874024187766e-002	0.000000e+000	3.858499e+000
7.501064066821266e-002	0.000000e+000	4.239231e+000
7.501273035012233e-002	0.000000e+000	4.516215e+000
7.501516183564282e-002	0.000000e+000	4.717591e+000
7.501772114843412e-002	0.000000e+000	4.841604e+000
7.502060665676276e-002	0.000000e+000	4.917443e+000
7.502381641998165e-002	0.000000e+000	4.959931e+000
7.502775411545719e-002	0.000000e+000	4.983304e+000
7.503256282379694e-002	0.000000e+000	4.994261e+000
7.503903396581597e-002	0.000000e+000	4.998612e+000
7.504802888119767e-002	0.000000e+000	4.999853e+000
7.505802888119767e-002	0.000000e+000	5.000001e+000
7.506802888119767e-002	0.000000e+000	5.000000e+000
7.999999900000000e-002	0.000000e+000	5.000000e+000
8.000000000000000e-002	0.000000e+000	5.000000e+000
8.000000000961249e-002	4.806246e-002	5.000143e+000
8.000000002883748e-002	1.441874e-001	5.000430e+000
8.000000029798714e-002	1.489936e+000	5.004436e+000
8.000000060558676e-002	3.027934e+000	5.008975e+000
8.000000100000000e-002	5.000000e+000	5.014741e+000
8.000000100086757e-002	5.000000e+000	5.014740e+000
8.000000100260273e-002	5.000000e+000	5.014740e+000
8.000005785660354e-002	5.000000e+000	4.987380e+000
8.000011471407466e-002	5.000000e+000	4.960024e+000
8.000017167435582e-002	5.000000e+000	4.932618e+000
8.000028559491813e-002	5.000000e+000	4.877800e+000
8.000045281036013e-002	5.000000e+000	4.797337e+000
8.000057854320714e-002	5.000000e+000	4.736869e+000
8.000074678697759e-002	5.000000e+000	4.656051e+000
8.000108327451849e-002	5.000000e+000	4.494749e+000
8.000175624960029e-002	5.000000e+000	4.173458e+000
8.000310219976391e-002	5.000000e+000	3.536556e+000
8.000468318128744e-002	5.000000e+000	2.809932e+000
8.000633005558430e-002	5.000000e+000	2.113894e+000
8.000807373255579e-002	5.000000e+000	1.495278e+000
8.001007470718903e-002	5.000000e+000	9.730074e-001
8.001297174907243e-002	5.000000e+000	4.650503e-001
8.001447296830425e-002	5.000000e+000	2.973003e-001
8.001571207205659e-002	5.000000e+000	2.122527e-001
8.001715677729961e-002	5.000000e+000	1.440845e-001
8.001868464095753e-002	5.000000e+000	9.455632e-002
8.002015797971640e-002	5.000000e+000	6.254705e-002
8.002157386031045e-002	5.000000e+000	4.201910e-002
8.002296875308970e-002	5.000000e+000	2.841530e-002
8.002436110399425e-002	5.000000e+000	1.922710e-002
8.002574835535933e-002	5.000000e+000	1.302350e-002
8.002713665413677e-002	5.000000e+000	8.816279e-003
8.002851767847743e-002	5.000000e+000	5.978955e-003
8.002989974002626e-002	5.000000e+000	4.053677e-003
8.003127822776232e-002	5.000000e+000	2.750832e-003
8.003265833706838e-002	5.000000e+000	1.865882e-003
8.003403611382760e-002	5.000000e+000	1.266356e-003
8.003541509006205e-002	5.000000e+000	8.591874e-004
8.003679250172256e-002	5.000000e+000	5.831667e-004
8.003817087412270e-002	5.000000e+000	3.957204e-004
8.003954820679014e-002	5.000000e+000	2.692697e-004
8.004104016826177e-002	5.000000e+000	1.781412e-004
8.004267852402171e-002	5.000000e+000	1.138255e-004
8.004470737437239e-002	5.000000e+000	6.572625e-005
8.004708654110634e-002	5.000000e+000	3.463472e-005
8.005021025223641e-002	5.000000e+000	1.518902e-005
8.005428398098476e-002	5.000000e+000	5.260433e-006
8.006034627637185e-002	5.000000e+000	1.152441e-006
8.007019234922662e-002	5.000000e+000	5.282830e-008
8.373019234922520e-002	5.000000e+000	3.568793e-009
8.500000000000001e-002	5.000000e+000	3.555357e-009
8.500000100000001e-002	5.000000e+000	3.515049e-009
8.500000100220001e-002	4.989000e+000	-3.408154e-005
8.500000100660000e-002	4.967000e+000	-1.022547e-004
8.500000113860001e-002	4.307000e+000	-2.147513e-003
8.500000127940001e-002	3.603000e+000	-4.326953e-003
8.500000156100002e-002	2.195000e+000	-8.653873e-003
8.500000200000001e-002	0.000000e+000	-1.533063e-002
8.500000200096614e-002	0.000000e+000	-1.533005e-002
8.500000200289841e-002	0.000000e+000	-1.532890e-002
8.500000652497061e-002	0.000000e+000	-1.262983e-002
8.500001104704281e-002	0.000000e+000	-9.931355e-003
8.500001556911502e-002	0.000000e+000	-7.233464e-003
8.500002009118723e-002	0.000000e+000	-4.536160e-003
8.500002461325944e-002	0.000000e+000	-1.839442e-003
8.500002913533164e-002	0.000000e+000	8.566887e-004
8.500003365740384e-002	0.000000e+000	3.552233e-003
8.500006531577381e-002	0.000000e+000	2.241041e-002
8.500012052213124e-002	0.000000e+000	5.525415e-002
8.500017647311832e-002	0.000000e+000	8.848641e-002
8.500026649107996e-002	0.000000e+000	1.418477e-001
8.500035787416575e-002	0.000000e+000	1.958783e-001
8.500045895384899e-002	0.000000e+000	2.554378e-001
8.500056732456605e-002	0.000000e+000	3.189876e-001
8.500078406600017e-002	0.000000e+000	4.450726e-001
8.500121754886841e-002	0.000000e+000	6.934606e-001
8.500208451460489e-002	0.000000e+000	1.176053e+000
8.500341205566094e-002	0.000000e+000	1.870595e+000
8.500514921264765e-002	0.000000e+000	2.675851e+000
8.500688128256867e-002	0.000000e+000	3.330558e+000
8.500874024187782e-002	0.000000e+000	3.858499e+000
8.501064066821282e-002	0.000000e+000	4.239231e+000
8.501273035012236e-002	0.000000e+000	4.516215e+000
8.501516183564276e-002	0.000000e+000	4.717591e+000
8.501772114843403e-002	0.000000e+000	4.841604e+000
8.502060665676270e-002	0.000000e+000	4.917443e+000
8.502381641998158e-002	0.000000e+000	4.959931e+000
8.502775411545710e-002	0.000000e+000	4.983304e+000
8.503256282379680e-002	0.000000e+000	4.994261e+000
8.503903396581579e-002	0.000000e+000	4.998612e+000
8.504802888119738e-002	0.000000e+000	4.999853e+000
8.505802888119737e-002	0.000000e+000	5.000001e+000
8.506802888119737e-002	0.000000e+000	5.000000e+000
8.999999900000000e-002	0.000000e+000	5.000000e+000
9.000000000000000e-002	0.000000e+000	5.000000e+000
9.000000000961249e-002	4.806246e-002	5.000143e+000
9.000000002883747e-002	1.441874e-001	5.000430e+000
9.000000029798713e-002	1.489936e+000	5.004436e+000
9.000000060558676e-002	3.027934e+000	5.008975e+000
9.000000100000000e-002	5.000000e+000	5.014741e+000
9.000000100086757e-002	5.000000e+000	5.014740e+000
9.000000100260272e-002	5.000000e+000	5.014740e+000
9.000005785660353e-002	5.000000e+000	4.987380e+000
9.000011471407465e-002	5.000000e+000	4.960024e+000
9.000017167435583e-002	5.000000e+000	4.932618e+000
9.000028559491816e-002	5.000000e+000	4.877800e+000
9.000045281036015e-002	5.000000e+000	4.797337e+000
9.000057854320717e-002	5.000000e+000	4.736869e+000
9.000074678697763e-002	5.000000e+000	4.656051e+000
9.000108327451853e-002	5.000000e+000	4.494749e+000
9.000175624960034e-002	5.000000e+000	4.173458e+000
9.000310219976396e-002	5.000000e+000	3.536556e+000
9.000468318128750e-002	5.000000e+000	2.809932e+000
9.000633005558655e-002	5.000000e+000	2.113894e+000
9.000807373255733e-002	5.000000e+000	1.495278e+000
9.001007470719180e-002	5.000000e+000	9.730074e-001
9.001297174907552e-002	5.000000e+000	4.650503e-001
9.001447296830770e-002	5.000000e+000	2.973003e-001
9.001571207206008e-002	5.000000e+000	2.122527e-001
9.001715677730308e-002	5.000000e+000	1.440845e-001
9.001868464096073e-002	5.000000e+000	9.455632e-002
9.002015797971959e-002	5.000000e+000	6.254705e-002
9.002157386031354e-002	5.000000e+000	4.201910e-002
9.002296875309282e-002	5.000000e+000	2.841530e-002
9.002436110399729e-002	5.000000e+000	1.922710e-002
9.002574835536241e-002	5.000000e+000	1.302350e-002
9.002713665413981e-002	5.000000e+000	8.816279e-003
9.002851767848050e-002	5.000000e+000	5.978955e-003
9.002989974002930e-002	5.000000e+000	4.053677e-003
9.003127822776537e-002	5.000000e+000	2.750832e-003
9.003265833707141e-002	5.000000e+000	1.865882e-003
9.003403611383065e-002	5.000000e+000	1.266356e-003
9.003541509006509e-002	5.000000e+000	8.591874e-004
9.003679250172560e-002	5.000000e+000	5.831667e-004
9.003817087412572e-002	5.000000e+000	3.957204e-004
9.003954820679316e-002	5.000000e+000	2.692697e-004
9.004104016825180e-002	5.000000e+000	1.781412e-004
9.004267852399485e-002	5.000000e+000	1.138255e-004
9.004470737432013e-002	5.000000e+000	6.572626e-005
9.004708654101977e-002	5.000000e+000	3.463472e-005
9.005021025209545e-002	5.000000e+000	1.518902e-005
9.005428398075255e-002	5.000000e+000	5.260433e-006
9.006034627596540e-002	5.000000e+000	1.152441e-006
9.007019234843322e-002	5.000000e+000	5.282832e-008
9.169019234843259e-002	5.000000e+000	3.568793e-009
9.500000000000000e-002	5.000000e+000	3.555357e-009
9.500000100000000e-002	5.000000e+000	3.515049e-009
9.500000100220001e-002	4.989000e+000	-3.408154e-005
9.500000100660000e-002	4.967000e+000	-1.022547e-004
9.500000113860001e-002	4.307000e+000	-2.147513e-003
9.500000127940000e-002	3.603000e+000	-4.326953e-003
9.500000156100001e-002	2.195000e+000	-8.653873e-003
9.500000200000000e-002	0.000000e+000	-1.533063e-002
9.500000200096613e-002	0.000000e+000	-1.533005e-002
9.500000200289840e-002	0.000000e+000	-1.532890e-002
9.500000652497061e-002	0.000000e+000	-1.262983e-002
9.500001104704281e-002	0.000000e+000	-9.931355e-003
9.500001556911501e-002	0.000000e+000	-7.233464e-003
9.500002009118723e-002	0.000000e+000	-4.536160e-003
9.500002461325943e-002	0.000000e+000	-1.839442e-003
9.500002913533164e-002	0.000000e+000	8.566887e-004
9.500003365740384e-002	0.000000e+000	3.552233e-003
9.500006531577381e-002	0.000000e+000	2.241041e-002
9.500012052213123e-002	0.000000e+000	5.525415e-002
9.500017647311830e-002	0.000000e+000	8.848641e-002
9.500026649107994e-002	0.000000e+000	1.418477e-001
9.500035787416573e-002	0.000000e+000	1.958783e-001
9.500045895384895e-002	0.000000e+000	2.554378e-001
9.500056732456601e-002	0.000000e+000	3.189876e-001
9.500078406600011e-002	0.000000e+000	4.450726e-001
9.500121754886834e-002	0.000000e+000	6.934606e-001
9.500208451460479e-002	0.000000e+000	1.176053e+000
9.500341205566082e-002	0.000000e+000	1.870595e+000
9.500514921264748e-002	0.000000e+000	2.675851e+000
9.500688128256848e-002	0.000000e+000	3.330558e+000
9.500874024187765e-002	0.000000e+000	3.858499e+000
9.501064066821263e-002	0.000000e+000	4.239231e+000
9.501273035012232e-002	0.000000e+000	4.516215e+000
9.501516183564281e-002	0.000000e+000	4.717591e+000
9.501772114843411e-002	0.000000e+000	4.841604e+000
9.502060665676275e-002	0.000000e+000	4.917443e+000
9.502381641998164e-002	0.000000e+000	4.959931e+000
9.502775411545718e-002	0.000000e+000	4.983304e+000
9.503256282379693e-002	0.000000e+000	4.994261e+000
9.503903396581596e-002	0.000000e+000	4.998612e+000
9.504802888119768e-002	0.000000e+000	4.999853e+000
9.505802888119767e-002	0.000000e+000	5.000001e+000
9.506802888119767e-002	0.000000e+000	5.000000e+000
9.999999899999999e-002	0.000000e+000	5.000000e+000
9.999999999999999e-002	0.000000e+000	5.000000e+000
