time	V(out)	V(vin)
0.000000000000000e+000	5.000000e+000	0.000000e+000
9.999999960041972e-012	5.000148e+000	5.000000e-002
1.999999992008394e-011	5.000296e+000	1.000000e-001
1.000000000000000e-009	5.014777e+000	5.000000e+000
1.000791982839644e-009	5.014777e+000	5.000000e+000
1.002375948518932e-009	5.014777e+000	5.000000e+000
1.810198444955815e-009	5.014777e+000	5.000000e+000
2.621188872751274e-009	5.014777e+000	5.000000e+000
4.243169728342191e-009	5.014775e+000	5.000000e+000
7.487131439524026e-009	5.014750e+000	5.000000e+000
1.397505486188770e-008	5.014560e+000	5.000000e+000
2.695090170661504e-008	5.013776e+000	5.000000e+000
3.652147194252392e-008	5.012908e+000	5.000000e+000
4.663780289152942e-008	5.011773e+000	5.000000e+000
5.959765210143272e-008	5.010208e+000	5.000000e+000
7.556216134409579e-008	5.008223e+000	5.000000e+000
9.893916449540458e-008	5.005290e+000	5.000000e+000
1.348416906837955e-007	5.000776e+000	5.000000e+000
2.066467430605773e-007	4.991747e+000	5.000000e+000
3.502568478141409e-007	4.973688e+000	5.000000e+000
5.048723567039692e-007	4.954238e+000	5.000000e+000
8.141033744836260e-007	4.915295e+000	5.000000e+000
1.432565410042940e-006	4.837299e+000	5.000000e+000
2.015322659882526e-006	4.763743e+000	5.000000e+000
2.676237207741604e-006	4.680304e+000	5.000000e+000
3.572801023471480e-006	4.567131e+000	5.000000e+000
4.572801023471480e-006	4.440928e+000	5.000000e+000
6.572801023471480e-006	4.188639e+000	5.000000e+000
8.572801023471479e-006	3.936542e+000	5.000000e+000
1.057280102347148e-005	3.684664e+000	5.000000e+000
1.357280102347148e-005	3.307302e+000	5.000000e+000
1.657280102347148e-005	2.930530e+000	5.000000e+000
1.757280102347149e-005	2.805038e+000	5.000000e+000
1.857280102347149e-005	2.679643e+000	5.000000e+000
1.957280102347149e-005	2.554343e+000	5.000000e+000
2.057280102347149e-005	2.429138e+000	5.000000e+000
2.157280102347149e-005	2.304029e+000	5.000000e+000
2.257280102347149e-005	2.179016e+000	5.000000e+000
2.357280102347149e-005	2.054098e+000	5.000000e+000
2.557280102347149e-005	1.806816e+000	5.000000e+000
2.657280102347149e-005	1.685434e+000	5.000000e+000
2.757280102347149e-005	1.566342e+000	5.000000e+000
2.857280102347149e-005	1.450134e+000	5.000000e+000
2.957280102347149e-005	1.337394e+000	5.000000e+000
3.057280102347149e-005	1.228671e+000	5.000000e+000
3.157280102347149e-005	1.124471e+000	5.000000e+000
3.257280102347148e-005	1.025230e+000	5.000000e+000
3.357280102347148e-005	9.313092e-001	5.000000e+000
3.457280102347148e-005	8.429808e-001	5.000000e+000
3.557280102347148e-005	7.604236e-001	5.000000e+000
3.657280102347147e-005	6.837226e-001	5.000000e+000
3.757280102347147e-005	6.128728e-001	5.000000e+000
3.857280102347147e-005	5.477865e-001	5.000000e+000
3.957280102347146e-005	4.883041e-001	5.000000e+000
4.057280102347146e-005	4.342062e-001	5.000000e+000
4.157280102347146e-005	3.852264e-001	5.000000e+000
4.257280102347146e-005	3.410643e-001	5.000000e+000
4.357280102347145e-005	3.013970e-001	5.000000e+000
4.457280102347145e-005	2.658903e-001	5.000000e+000
4.557280102347145e-005	2.342073e-001	5.000000e+000
4.657280102347144e-005	2.060162e-001	5.000000e+000
4.757280102347144e-005	1.809959e-001	5.000000e+000
4.857280102347144e-005	1.588402e-001	5.000000e+000
4.957280102347144e-005	1.392609e-001	5.000000e+000
5.057280102347143e-005	1.219898e-001	5.000000e+000
5.157280102347143e-005	1.067791e-001	5.000000e+000
5.257280102347143e-005	9.340207e-002	5.000000e+000
5.357280102347142e-005	8.165233e-002	5.000000e+000
5.457280102347142e-005	7.134336e-002	5.000000e+000
5.557280102347142e-005	6.230732e-002	5.000000e+000
5.657280102347142e-005	5.439379e-002	5.000000e+000
5.757280102347141e-005	4.746855e-002	5.000000e+000
5.857280102347141e-005	4.141217e-002	5.000000e+000
5.957280102347141e-005	3.611872e-002	5.000000e+000
6.057280102347141e-005	3.149441e-002	5.000000e+000
6.157280102347140e-005	2.745645e-002	5.000000e+000
6.257280102347140e-005	2.393187e-002	5.000000e+000
6.357280102347140e-005	2.085644e-002	5.000000e+000
6.457280102347139e-005	1.817371e-002	5.000000e+000
6.557280102347139e-005	1.583415e-002	5.000000e+000
6.657280102347139e-005	1.379431e-002	5.000000e+000
6.757280102347139e-005	1.201615e-002	5.000000e+000
6.857280102347138e-005	1.046637e-002	5.000000e+000
6.957280102347138e-005	9.115838e-003	5.000000e+000
7.057280102347138e-005	7.939087e-003	5.000000e+000
7.157280102347137e-005	6.913875e-003	5.000000e+000
7.257280102347137e-005	6.020776e-003	5.000000e+000
7.357280102347137e-005	5.242832e-003	5.000000e+000
7.457280102347137e-005	4.565245e-003	5.000000e+000
7.557280102347136e-005	3.975110e-003	5.000000e+000
7.657280102347136e-005	3.461168e-003	5.000000e+000
7.757280102347136e-005	3.013603e-003	5.000000e+000
7.857280102347135e-005	2.623861e-003	5.000000e+000
7.957280102347135e-005	2.284483e-003	5.000000e+000
8.057280102347135e-005	1.988971e-003	5.000000e+000
8.157280102347135e-005	1.731663e-003	5.000000e+000
8.257280102347134e-005	1.507624e-003	5.000000e+000
8.357280102347134e-005	1.312559e-003	5.000000e+000
8.457280102347134e-005	1.142722e-003	5.000000e+000
8.557280102347134e-005	9.948532e-004	5.000000e+000
8.657280102347133e-005	8.661135e-004	5.000000e+000
8.757280102347133e-005	7.540293e-004	5.000000e+000
8.857280102347133e-005	6.564469e-004	5.000000e+000
8.957280102347132e-005	5.714908e-004	5.000000e+000
9.057280102347132e-005	4.975279e-004	5.000000e+000
9.157280102347132e-005	4.331361e-004	5.000000e+000
9.257280102347132e-005	3.770773e-004	5.000000e+000
9.357280102347131e-005	3.282733e-004	5.000000e+000
9.457280102347131e-005	2.857855e-004	5.000000e+000
9.557280102347131e-005	2.487966e-004	5.000000e+000
9.657280102347130e-005	2.165950e-004	5.000000e+000
9.757280102347130e-005	1.885612e-004	5.000000e+000
9.914460204694258e-005	1.509677e-004	5.000000e+000
1.000000000000000e-004	1.340872e-004	5.000000e+000
1.000010000000000e-004	1.340687e-004	5.000000e+000
1.000010022000025e-004	9.847404e-005	4.989000e+000
1.000010066000076e-004	2.726840e-005	4.967000e+000
1.000010947776066e-004	-1.401173e-003	4.526112e+000
1.000011829552055e-004	-2.826089e-003	4.085224e+000
1.000012711328044e-004	-4.247478e-003	3.644336e+000
1.000013593104034e-004	-5.665343e-003	3.203448e+000
1.000014474880023e-004	-7.079681e-003	2.762560e+000
1.000015356656012e-004	-8.490494e-003	2.321672e+000
1.000016238432002e-004	-9.897781e-003	1.880784e+000
1.000017495283078e-004	-1.186266e-002	1.252358e+000
1.000018163972331e-004	-1.288934e-002	9.180138e-001
1.000018662621493e-004	-1.363669e-002	6.686893e-001
1.000019002701677e-004	-1.413227e-002	4.986492e-001
1.000019365724087e-004	-1.464570e-002	3.171380e-001
1.000019457492995e-004	-1.476900e-002	2.712535e-001
1.000019641030811e-004	-1.500336e-002	1.794846e-001
1.000020000000000e-004	-1.543606e-002	0.000000e+000
1.000020001489216e-004	-1.543597e-002	0.000000e+000
1.000020004467649e-004	-1.543580e-002	0.000000e+000
1.000020022338245e-004	-1.543478e-002	0.000000e+000
1.000020046165706e-004	-1.543341e-002	0.000000e+000
1.000020093820629e-004	-1.543068e-002	0.000000e+000
1.000020189130475e-004	-1.542522e-002	0.000000e+000
1.000020379750165e-004	-1.541431e-002	0.000000e+000
1.000020760989547e-004	-1.539250e-002	0.000000e+000
1.000021523468310e-004	-1.534885e-002	0.000000e+000
1.000023048425836e-004	-1.526141e-002	0.000000e+000
1.000025649191577e-004	-1.511177e-002	0.000000e+000
1.000028965908744e-004	-1.491999e-002	0.000000e+000
1.000034053080313e-004	-1.462401e-002	0.000000e+000
1.000041286085418e-004	-1.420011e-002	0.000000e+000
1.000052693680679e-004	-1.352626e-002	0.000000e+000
1.000068790764947e-004	-1.256860e-002	0.000000e+000
1.000093371620768e-004	-1.109926e-002	0.000000e+000
1.000125395888738e-004	-9.181551e-003	0.000000e+000
1.000163584024811e-004	-6.894413e-003	0.000000e+000
1.000202112278148e-004	-4.587691e-003	0.000000e+000
1.000237449408994e-004	-2.472891e-003	0.000000e+000
1.000269599919601e-004	-5.496684e-004	0.000000e+000
1.000306797877779e-004	1.674311e-003	0.000000e+000
1.000361817725847e-004	4.961689e-003	0.000000e+000
1.000429060305118e-004	8.976032e-003	0.000000e+000
1.000516090397365e-004	1.416647e-002	0.000000e+000
1.000619880741734e-004	2.034952e-002	0.000000e+000
1.000752385382926e-004	2.823390e-002	0.000000e+000
1.000910356255053e-004	3.762340e-002	0.000000e+000
1.001060970806592e-004	4.656665e-002	0.000000e+000
1.001279094147672e-004	5.950605e-002	0.000000e+000
1.001577479366918e-004	7.718908e-002	0.000000e+000
1.002032484396538e-004	1.041245e-001	0.000000e+000
1.002611961454746e-004	1.383813e-001	0.000000e+000
1.003410414933506e-004	1.854827e-001	0.000000e+000
1.005376109548214e-004	3.008369e-001	0.000000e+000
1.007383541585371e-004	4.175129e-001	0.000000e+000
1.011398405659686e-004	6.476160e-001	0.000000e+000
1.019428133808316e-004	1.097365e+000	0.000000e+000
1.029428133808316e-004	1.637577e+000	0.000000e+000
1.039428133808316e-004	2.146289e+000	0.000000e+000
1.049428133808316e-004	2.610550e+000	0.000000e+000
1.059428133808316e-004	3.021595e+000	0.000000e+000
1.069428133808316e-004	3.376509e+000	0.000000e+000
1.079428133808316e-004	3.677011e+000	0.000000e+000
1.089428133808316e-004	3.927653e+000	0.000000e+000
1.099428133808316e-004	4.134353e+000	0.000000e+000
1.109428133808316e-004	4.303372e+000	0.000000e+000
1.119428133808316e-004	4.440707e+000	0.000000e+000
1.129428133808316e-004	4.551768e+000	0.000000e+000
1.139428133808316e-004	4.641264e+000	0.000000e+000
1.149428133808315e-004	4.713189e+000	0.000000e+000
1.159428133808315e-004	4.770877e+000	0.000000e+000
1.169428133808315e-004	4.817074e+000	0.000000e+000
1.179428133808315e-004	4.854025e+000	0.000000e+000
1.189428133808315e-004	4.883549e+000	0.000000e+000
1.199428133808315e-004	4.907118e+000	0.000000e+000
1.209428133808315e-004	4.925926e+000	0.000000e+000
1.219428133808315e-004	4.940933e+000	0.000000e+000
1.229428133808315e-004	4.952904e+000	0.000000e+000
1.239428133808315e-004	4.962452e+000	0.000000e+000
1.249428133808315e-004	4.970067e+000	0.000000e+000
1.259428133808315e-004	4.976139e+000	0.000000e+000
1.269428133808315e-004	4.980980e+000	0.000000e+000
1.279428133808315e-004	4.984839e+000	0.000000e+000
1.289428133808315e-004	4.987916e+000	0.000000e+000
1.299428133808315e-004	4.990368e+000	0.000000e+000
1.309428133808315e-004	4.992323e+000	0.000000e+000
1.319428133808315e-004	4.993881e+000	0.000000e+000
1.329428133808315e-004	4.995123e+000	0.000000e+000
1.339428133808315e-004	4.996113e+000	0.000000e+000
1.349428133808315e-004	4.996902e+000	0.000000e+000
1.359428133808315e-004	4.997531e+000	0.000000e+000
1.369428133808315e-004	4.998033e+000	0.000000e+000
1.379428133808315e-004	4.998432e+000	0.000000e+000
1.389428133808315e-004	4.998750e+000	0.000000e+000
1.399428133808315e-004	4.999004e+000	0.000000e+000
1.409428133808315e-004	4.999207e+000	0.000000e+000
1.419428133808315e-004	4.999367e+000	0.000000e+000
1.429428133808315e-004	4.999496e+000	0.000000e+000
1.439428133808315e-004	4.999598e+000	0.000000e+000
1.449428133808315e-004	4.999680e+000	0.000000e+000
1.459428133808315e-004	4.999745e+000	0.000000e+000
1.469428133808315e-004	4.999797e+000	0.000000e+000
1.479428133808315e-004	4.999838e+000	0.000000e+000
1.489428133808315e-004	4.999871e+000	0.000000e+000
1.499428133808315e-004	4.999897e+000	0.000000e+000
1.509428133808315e-004	4.999918e+000	0.000000e+000
1.519428133808315e-004	4.999935e+000	0.000000e+000
1.529428133808315e-004	4.999948e+000	0.000000e+000
1.539428133808315e-004	4.999959e+000	0.000000e+000
1.549428133808315e-004	4.999967e+000	0.000000e+000
1.559428133808314e-004	4.999973e+000	0.000000e+000
1.569428133808314e-004	4.999979e+000	0.000000e+000
1.589428133808314e-004	4.999987e+000	0.000000e+000
1.609428133808314e-004	4.999991e+000	0.000000e+000
1.639428133808314e-004	4.999996e+000	0.000000e+000
1.663713848094028e-004	4.999997e+000	0.000000e+000
1.687999562379743e-004	4.999998e+000	0.000000e+000
1.712285276665457e-004	4.999999e+000	0.000000e+000
1.736570990951171e-004	5.000000e+000	0.000000e+000
1.760856705236885e-004	5.000000e+000	0.000000e+000
1.785142419522600e-004	5.000000e+000	0.000000e+000
1.809428133808314e-004	5.000000e+000	0.000000e+000
1.999990000000000e-004	5.000000e+000	0.000000e+000
2.000000000000000e-004	5.000000e+000	0.000000e+000
2.000000073957515e-004	5.000109e+000	3.697876e-002
2.000000221872545e-004	5.000328e+000	1.109363e-001
2.000010000000000e-004	5.014777e+000	5.000000e+000
2.000010003596086e-004	5.014777e+000	5.000000e+000
2.000010010788257e-004	5.014777e+000	5.000000e+000
2.000017361187338e-004	5.014777e+000	5.000000e+000
2.000024725970761e-004	5.014777e+000	5.000000e+000
2.000039455537607e-004	5.014776e+000	5.000000e+000
2.000068914671300e-004	5.014758e+000	5.000000e+000
2.000127832938685e-004	5.014610e+000	5.000000e+000
2.000245669473456e-004	5.013961e+000	5.000000e+000
2.000348658663302e-004	5.013073e+000	5.000000e+000
2.000450264616422e-004	5.011961e+000	5.000000e+000
2.000582272079543e-004	5.010377e+000	5.000000e+000
2.000728458907115e-004	5.008564e+000	5.000000e+000
2.000954602459699e-004	5.005728e+000	5.000000e+000
2.001280395817370e-004	5.001633e+000	5.000000e+000
2.001931982532710e-004	4.993440e+000	5.000000e+000
2.003235155963392e-004	4.977053e+000	5.000000e+000
2.004746540593546e-004	4.958041e+000	5.000000e+000
2.007769309853853e-004	4.919979e+000	5.000000e+000
2.013814848374467e-004	4.843747e+000	5.000000e+000
2.019486415329837e-004	4.772163e+000	5.000000e+000
2.026718787278230e-004	4.680855e+000	5.000000e+000
2.034557663145295e-004	4.581903e+000	5.000000e+000
2.044557663145294e-004	4.455698e+000	5.000000e+000
2.064557663145294e-004	4.203399e+000	5.000000e+000
2.084557663145294e-004	3.951289e+000	5.000000e+000
2.104557663145294e-004	3.699398e+000	5.000000e+000
2.134557663145294e-004	3.322014e+000	5.000000e+000
2.164557663145294e-004	2.945218e+000	5.000000e+000
2.174557663145294e-004	2.819725e+000	5.000000e+000
2.184557663145294e-004	2.694323e+000	5.000000e+000
2.194557663145294e-004	2.569012e+000	5.000000e+000
2.204557663145294e-004	2.443793e+000	5.000000e+000
2.214557663145294e-004	2.318666e+000	5.000000e+000
2.224557663145294e-004	2.193630e+000	5.000000e+000
2.234557663145294e-004	2.068685e+000	5.000000e+000
2.254557663145294e-004	1.821147e+000	5.000000e+000
2.264557663145294e-004	1.699536e+000	5.000000e+000
2.274557663145294e-004	1.580145e+000	5.000000e+000
2.284557663145294e-004	1.463569e+000	5.000000e+000
2.294557663145294e-004	1.350393e+000	5.000000e+000
2.304557663145294e-004	1.241174e+000	5.000000e+000
2.314557663145294e-004	1.136420e+000	5.000000e+000
2.324557663145294e-004	1.036578e+000	5.000000e+000
2.334557663145294e-004	9.420187e-001	5.000000e+000
2.344557663145294e-004	8.530247e-001	5.000000e+000
2.354557663145294e-004	7.697858e-001	5.000000e+000
2.364557663145294e-004	6.923978e-001	5.000000e+000
2.374557663145294e-004	6.208661e-001	5.000000e+000
2.384557663145294e-004	5.551121e-001	5.000000e+000
2.394557663145294e-004	4.949840e-001	5.000000e+000
2.404557663145293e-004	4.402688e-001	5.000000e+000
2.414557663145293e-004	3.907049e-001	5.000000e+000
2.424557663145293e-004	3.459952e-001	5.000000e+000
2.434557663145293e-004	3.058189e-001	5.000000e+000
2.444557663145293e-004	2.698425e-001	5.000000e+000
2.454557663145294e-004	2.377293e-001	5.000000e+000
2.464557663145294e-004	2.091462e-001	5.000000e+000
2.474557663145294e-004	1.837709e-001	5.000000e+000
2.484557663145294e-004	1.612951e-001	5.000000e+000
2.494557663145295e-004	1.414286e-001	5.000000e+000
2.504557663145295e-004	1.239005e-001	5.000000e+000
2.514557663145295e-004	1.084607e-001	5.000000e+000
2.524557663145295e-004	9.488007e-002	5.000000e+000
2.534557663145296e-004	8.294985e-002	5.000000e+000
2.544557663145296e-004	7.248126e-002	5.000000e+000
2.554557663145296e-004	6.330431e-002	5.000000e+000
2.564557663145296e-004	5.526662e-002	5.000000e+000
2.574557663145297e-004	4.823213e-002	5.000000e+000
2.584557663145297e-004	4.207977e-002	5.000000e+000
2.594557663145297e-004	3.670207e-002	5.000000e+000
2.604557663145297e-004	3.200392e-002	5.000000e+000
2.614557663145298e-004	2.790128e-002	5.000000e+000
2.624557663145298e-004	2.432008e-002	5.000000e+000
2.634557663145298e-004	2.119513e-002	5.000000e+000
2.644557663145298e-004	1.846912e-002	5.000000e+000
2.654557663145298e-004	1.609174e-002	5.000000e+000
2.664557663145299e-004	1.401888e-002	5.000000e+000
2.674557663145299e-004	1.221190e-002	5.000000e+000
2.684557663145299e-004	1.063696e-002	5.000000e+000
2.694557663145299e-004	9.264488e-003	5.000000e+000
2.704557663145300e-004	8.068603e-003	5.000000e+000
2.714557663145300e-004	7.026707e-003	5.000000e+000
2.724557663145300e-004	6.119064e-003	5.000000e+000
2.734557663145300e-004	5.328443e-003	5.000000e+000
2.744557663145301e-004	4.639810e-003	5.000000e+000
2.754557663145301e-004	4.040050e-003	5.000000e+000
2.764557663145301e-004	3.517722e-003	5.000000e+000
2.774557663145301e-004	3.062852e-003	5.000000e+000
2.784557663145302e-004	2.666746e-003	5.000000e+000
2.794557663145302e-004	2.321826e-003	5.000000e+000
2.804557663145302e-004	2.021487e-003	5.000000e+000
2.814557663145302e-004	1.759975e-003	5.000000e+000
2.824557663145303e-004	1.532275e-003	5.000000e+000
2.834557663145303e-004	1.334021e-003	5.000000e+000
2.844557663145303e-004	1.161408e-003	5.000000e+000
2.854557663145303e-004	1.011123e-003	5.000000e+000
2.864557663145304e-004	8.802782e-004	5.000000e+000
2.874557663145304e-004	7.663614e-004	5.000000e+000
2.884557663145304e-004	6.671834e-004	5.000000e+000
2.894557663145304e-004	5.808381e-004	5.000000e+000
2.904557663145305e-004	5.056656e-004	5.000000e+000
2.914557663145305e-004	4.402208e-004	5.000000e+000
2.924557663145305e-004	3.832451e-004	5.000000e+000
2.934557663145305e-004	3.336429e-004	5.000000e+000
2.944557663145306e-004	2.904602e-004	5.000000e+000
2.954557663145306e-004	2.528662e-004	5.000000e+000
2.964557663145306e-004	2.201379e-004	5.000000e+000
2.974557663145306e-004	1.916455e-004	5.000000e+000
2.978192282695977e-004	1.820658e-004	5.000000e+000
2.981826902246647e-004	1.729385e-004	5.000000e+000
2.985461521797318e-004	1.642636e-004	5.000000e+000
2.989096141347989e-004	1.560413e-004	5.000000e+000
2.992730760898659e-004	1.482713e-004	5.000000e+000
2.996365380449330e-004	1.409539e-004	5.000000e+000
3.000000000000000e-004	1.340889e-004	5.000000e+000
3.000010000000000e-004	1.340704e-004	5.000000e+000
3.000010022000026e-004	9.847574e-005	4.989000e+000
3.000010066000076e-004	2.727010e-005	4.967000e+000
3.000010947776082e-004	-1.401171e-003	4.526112e+000
3.000011829552088e-004	-2.826087e-003	4.085224e+000
3.000012711328093e-004	-4.247477e-003	3.644336e+000
3.000013593104099e-004	-5.665341e-003	3.203448e+000
3.000014474880105e-004	-7.079680e-003	2.762560e+000
3.000015356656110e-004	-8.490493e-003	2.321672e+000
3.000016238432116e-004	-9.897780e-003	1.880784e+000
3.000017495283419e-004	-1.186265e-002	1.252358e+000
3.000018163972477e-004	-1.288934e-002	9.180138e-001
3.000018662621885e-004	-1.363669e-002	6.686891e-001
3.000019002701183e-004	-1.413227e-002	4.986494e-001
3.000019365719555e-004	-1.464569e-002	3.171402e-001
3.000019457475854e-004	-1.476897e-002	2.712621e-001
3.000019640988452e-004	-1.500330e-002	1.795058e-001
3.000020000000000e-004	-1.543605e-002	5.679901e-011
3.000020001489203e-004	-1.543597e-002	0.000000e+000
3.000020004467610e-004	-1.543580e-002	0.000000e+000
3.000020022338048e-004	-1.543477e-002	0.000000e+000
3.000020046165300e-004	-1.543341e-002	0.000000e+000
3.000020093819803e-004	-1.543068e-002	0.000000e+000
3.000020189128809e-004	-1.542522e-002	0.000000e+000
3.000020379746822e-004	-1.541431e-002	0.000000e+000
3.000020760982847e-004	-1.539250e-002	0.000000e+000
3.000021523454897e-004	-1.534885e-002	0.000000e+000
3.000023048398999e-004	-1.526141e-002	0.000000e+000
3.000025649165375e-004	-1.511177e-002	0.000000e+000
3.000028965864504e-004	-1.491999e-002	0.000000e+000
3.000034053027197e-004	-1.462401e-002	0.000000e+000
3.000041285988826e-004	-1.420011e-002	0.000000e+000
3.000052693563987e-004	-1.352627e-002	0.000000e+000
3.000068790564450e-004	-1.256861e-002	0.000000e+000
3.000093371372351e-004	-1.109927e-002	0.000000e+000
3.000125395539810e-004	-9.181569e-003	0.000000e+000
3.000163583671869e-004	-6.894432e-003	0.000000e+000
3.000202111920094e-004	-4.587711e-003	0.000000e+000
3.000237449110401e-004	-2.472907e-003	0.000000e+000
3.000269599467785e-004	-5.496937e-004	0.000000e+000
3.000306797262095e-004	1.674276e-003	0.000000e+000
3.000361816911218e-004	4.961642e-003	0.000000e+000
3.000429059309121e-004	8.975974e-003	0.000000e+000
3.000516089146232e-004	1.416640e-002	0.000000e+000
3.000619879212088e-004	2.034944e-002	0.000000e+000
3.000752383459178e-004	2.823378e-002	0.000000e+000
3.000910355148824e-004	3.762333e-002	0.000000e+000
3.001060947405301e-004	4.656526e-002	0.000000e+000
3.001279076357621e-004	5.950500e-002	0.000000e+000
3.001577442284959e-004	7.718689e-002	0.000000e+000
3.002032458657729e-004	1.041230e-001	0.000000e+000
3.002611892720655e-004	1.383773e-001	0.000000e+000
3.003410357748567e-004	1.854794e-001	0.000000e+000
3.005376005707097e-004	3.008309e-001	0.000000e+000
3.007383192383594e-004	4.174927e-001	0.000000e+000
3.011397565736590e-004	6.475684e-001	0.000000e+000
3.019426312442581e-004	1.097264e+000	0.000000e+000
3.029426312442582e-004	1.637481e+000	0.000000e+000
3.039426312442582e-004	2.146200e+000	0.000000e+000
3.049426312442582e-004	2.610470e+000	0.000000e+000
3.059426312442582e-004	3.021525e+000	0.000000e+000
3.069426312442582e-004	3.376450e+000	0.000000e+000
3.079426312442583e-004	3.676960e+000	0.000000e+000
3.089426312442583e-004	3.927611e+000	0.000000e+000
3.099426312442583e-004	4.134318e+000	0.000000e+000
3.109426312442583e-004	4.303345e+000	0.000000e+000
3.119426312442584e-004	4.440684e+000	0.000000e+000
3.129426312442584e-004	4.551750e+000	0.000000e+000
3.139426312442584e-004	4.641249e+000	0.000000e+000
3.149426312442584e-004	4.713177e+000	0.000000e+000
3.159426312442585e-004	4.770867e+000	0.000000e+000
3.169426312442585e-004	4.817067e+000	0.000000e+000
3.179426312442585e-004	4.854019e+000	0.000000e+000
3.189426312442585e-004	4.883544e+000	0.000000e+000
3.199426312442586e-004	4.907114e+000	0.000000e+000
3.209426312442586e-004	4.925923e+000	0.000000e+000
3.219426312442586e-004	4.940930e+000	0.000000e+000
3.229426312442586e-004	4.952902e+000	0.000000e+000
3.239426312442587e-004	4.962451e+000	0.000000e+000
3.249426312442587e-004	4.970066e+000	0.000000e+000
3.259426312442587e-004	4.976138e+000	0.000000e+000
3.269426312442587e-004	4.980979e+000	0.000000e+000
3.279426312442588e-004	4.984838e+000	0.000000e+000
3.289426312442588e-004	4.987916e+000	0.000000e+000
3.299426312442588e-004	4.990368e+000	0.000000e+000
3.309426312442588e-004	4.992323e+000	0.000000e+000
3.319426312442589e-004	4.993881e+000	0.000000e+000
3.329426312442589e-004	4.995123e+000	0.000000e+000
3.339426312442589e-004	4.996113e+000	0.000000e+000
3.349426312442589e-004	4.996902e+000	0.000000e+000
3.359426312442590e-004	4.997531e+000	0.000000e+000
3.369426312442590e-004	4.998033e+000	0.000000e+000
3.379426312442590e-004	4.998432e+000	0.000000e+000
3.389426312442590e-004	4.998750e+000	0.000000e+000
3.399426312442591e-004	4.999004e+000	0.000000e+000
3.409426312442591e-004	4.999206e+000	0.000000e+000
3.419426312442591e-004	4.999367e+000	0.000000e+000
3.429426312442591e-004	4.999496e+000	0.000000e+000
3.439426312442591e-004	4.999598e+000	0.000000e+000
3.449426312442592e-004	4.999680e+000	0.000000e+000
3.459426312442592e-004	4.999745e+000	0.000000e+000
3.469426312442592e-004	4.999797e+000	0.000000e+000
3.479426312442592e-004	4.999838e+000	0.000000e+000
3.489426312442593e-004	4.999871e+000	0.000000e+000
3.499426312442593e-004	4.999897e+000	0.000000e+000
3.509426312442593e-004	4.999918e+000	0.000000e+000
3.519426312442593e-004	4.999935e+000	0.000000e+000
3.529426312442594e-004	4.999948e+000	0.000000e+000
3.539426312442594e-004	4.999959e+000	0.000000e+000
3.549426312442594e-004	4.999967e+000	0.000000e+000
3.559426312442594e-004	4.999973e+000	0.000000e+000
3.569426312442595e-004	4.999979e+000	0.000000e+000
3.589426312442595e-004	4.999987e+000	0.000000e+000
3.609426312442596e-004	4.999991e+000	0.000000e+000
3.639426312442596e-004	4.999996e+000	0.000000e+000
3.663712026728311e-004	4.999997e+000	0.000000e+000
3.687997741014026e-004	4.999998e+000	0.000000e+000
3.712283455299741e-004	4.999999e+000	0.000000e+000
3.736569169585456e-004	5.000000e+000	0.000000e+000
3.760854883871171e-004	5.000000e+000	0.000000e+000
3.785140598156886e-004	5.000000e+000	0.000000e+000
3.809426312442600e-004	5.000000e+000	0.000000e+000
3.999990223872139e-004	5.000000e+000	0.000000e+000
4.000000000000000e-004	5.000000e+000	0.000000e+000
4.000000073439284e-004	5.000109e+000	3.671964e-002
4.000000220317852e-004	5.000326e+000	1.101589e-001
4.000010000000000e-004	5.014777e+000	5.000000e+000
4.000010003596095e-004	5.014777e+000	5.000000e+000
4.000010010788285e-004	5.014777e+000	5.000000e+000
4.000017361206164e-004	5.014777e+000	5.000000e+000
4.000024726008422e-004	5.014777e+000	5.000000e+000
4.000039455612939e-004	5.014776e+000	5.000000e+000
4.000068914821973e-004	5.014758e+000	5.000000e+000
4.000127833240040e-004	5.014610e+000	5.000000e+000
4.000245670076174e-004	5.013961e+000	5.000000e+000
4.000348659372388e-004	5.013073e+000	5.000000e+000
4.000450265137225e-004	5.011961e+000	5.000000e+000
4.000582272716146e-004	5.010377e+000	5.000000e+000
4.000728459293019e-004	5.008564e+000	5.000000e+000
4.000954602891915e-004	5.005728e+000	5.000000e+000
4.001280395496932e-004	5.001633e+000	5.000000e+000
4.001931980706965e-004	4.993440e+000	5.000000e+000
4.003235151127032e-004	4.977053e+000	5.000000e+000
4.004746538115182e-004	4.958041e+000	5.000000e+000
4.007769312091482e-004	4.919979e+000	5.000000e+000
4.013814860044083e-004	4.843747e+000	5.000000e+000
4.019486429520496e-004	4.772163e+000	5.000000e+000
4.026718796264945e-004	4.680855e+000	5.000000e+000
4.034557688076779e-004	4.581903e+000	5.000000e+000
4.044557688076780e-004	4.455698e+000	5.000000e+000
4.064557688076780e-004	4.203399e+000	5.000000e+000
4.084557688076781e-004	3.951289e+000	5.000000e+000
4.104557688076781e-004	3.699398e+000	5.000000e+000
4.134557688076782e-004	3.322014e+000	5.000000e+000
4.164557688076783e-004	2.945218e+000	5.000000e+000
4.174557688076783e-004	2.819724e+000	5.000000e+000
4.184557688076783e-004	2.694323e+000	5.000000e+000
4.194557688076783e-004	2.569012e+000	5.000000e+000
4.204557688076784e-004	2.443793e+000	5.000000e+000
4.214557688076784e-004	2.318666e+000	5.000000e+000
4.224557688076784e-004	2.193630e+000	5.000000e+000
4.234557688076784e-004	2.068685e+000	5.000000e+000
4.254557688076785e-004	1.821147e+000	5.000000e+000
4.264557688076785e-004	1.699536e+000	5.000000e+000
4.274557688076785e-004	1.580144e+000	5.000000e+000
4.284557688076786e-004	1.463569e+000	5.000000e+000
4.294557688076786e-004	1.350393e+000	5.000000e+000
4.304557688076786e-004	1.241173e+000	5.000000e+000
4.314557688076786e-004	1.136419e+000	5.000000e+000
4.324557688076786e-004	1.036578e+000	5.000000e+000
4.334557688076787e-004	9.420185e-001	5.000000e+000
4.344557688076787e-004	8.530244e-001	5.000000e+000
4.354557688076787e-004	7.697855e-001	5.000000e+000
4.364557688076787e-004	6.923977e-001	5.000000e+000
4.374557688076788e-004	6.208659e-001	5.000000e+000
4.384557688076788e-004	5.551119e-001	5.000000e+000
4.394557688076788e-004	4.949839e-001	5.000000e+000
4.404557688076788e-004	4.402687e-001	5.000000e+000
4.414557688076789e-004	3.907048e-001	5.000000e+000
4.424557688076789e-004	3.459951e-001	5.000000e+000
4.434557688076789e-004	3.058188e-001	5.000000e+000
4.444557688076789e-004	2.698424e-001	5.000000e+000
4.454557688076790e-004	2.377292e-001	5.000000e+000
4.464557688076790e-004	2.091462e-001	5.000000e+000
4.474557688076790e-004	1.837708e-001	5.000000e+000
4.484557688076790e-004	1.612951e-001	5.000000e+000
4.494557688076791e-004	1.414285e-001	5.000000e+000
4.504557688076791e-004	1.239005e-001	5.000000e+000
4.514557688076791e-004	1.084607e-001	5.000000e+000
4.524557688076791e-004	9.488004e-002	5.000000e+000
4.534557688076792e-004	8.294983e-002	5.000000e+000
4.544557688076792e-004	7.248124e-002	5.000000e+000
4.554557688076792e-004	6.330428e-002	5.000000e+000
4.564557688076792e-004	5.526660e-002	5.000000e+000
4.574557688076793e-004	4.823212e-002	5.000000e+000
4.584557688076793e-004	4.207976e-002	5.000000e+000
4.594557688076793e-004	3.670206e-002	5.000000e+000
4.604557688076793e-004	3.200391e-002	5.000000e+000
4.614557688076794e-004	2.790127e-002	5.000000e+000
4.624557688076794e-004	2.432007e-002	5.000000e+000
4.634557688076794e-004	2.119512e-002	5.000000e+000
4.644557688076794e-004	1.846911e-002	5.000000e+000
4.654557688076795e-004	1.609173e-002	5.000000e+000
4.664557688076795e-004	1.401888e-002	5.000000e+000
4.674557688076795e-004	1.221189e-002	5.000000e+000
4.684557688076795e-004	1.063696e-002	5.000000e+000
4.694557688076795e-004	9.264486e-003	5.000000e+000
4.704557688076796e-004	8.068600e-003	5.000000e+000
4.714557688076796e-004	7.026704e-003	5.000000e+000
4.724557688076796e-004	6.119062e-003	5.000000e+000
4.734557688076796e-004	5.328442e-003	5.000000e+000
4.744557688076797e-004	4.639809e-003	5.000000e+000
4.754557688076797e-004	4.040048e-003	5.000000e+000
4.764557688076797e-004	3.517720e-003	5.000000e+000
4.774557688076797e-004	3.062851e-003	5.000000e+000
4.784557688076798e-004	2.666745e-003	5.000000e+000
4.794557688076798e-004	2.321825e-003	5.000000e+000
4.804557688076798e-004	2.021486e-003	5.000000e+000
4.814557688076798e-004	1.759974e-003	5.000000e+000
4.824557688076799e-004	1.532275e-003	5.000000e+000
4.834557688076799e-004	1.334021e-003	5.000000e+000
4.844557688076799e-004	1.161408e-003	5.000000e+000
4.854557688076799e-004	1.011122e-003	5.000000e+000
4.864557688076800e-004	8.802780e-004	5.000000e+000
4.874557688076800e-004	7.663612e-004	5.000000e+000
4.884557688076800e-004	6.671832e-004	5.000000e+000
4.894557688076800e-004	5.808379e-004	5.000000e+000
4.904557688076801e-004	5.056654e-004	5.000000e+000
4.914557688076801e-004	4.402206e-004	5.000000e+000
4.924557688076801e-004	3.832450e-004	5.000000e+000
4.934557688076801e-004	3.336428e-004	5.000000e+000
4.944557688076802e-004	2.904601e-004	5.000000e+000
4.954557688076802e-004	2.528661e-004	5.000000e+000
4.964557688076802e-004	2.201378e-004	5.000000e+000
4.974557688076802e-004	1.916455e-004	5.000000e+000
4.978192304065831e-004	1.820657e-004	5.000000e+000
4.981826920054859e-004	1.729384e-004	5.000000e+000
4.985461536043888e-004	1.642636e-004	5.000000e+000
4.989096152032915e-004	1.560412e-004	5.000000e+000
4.992730768021943e-004	1.482713e-004	5.000000e+000
4.996365384010972e-004	1.409539e-004	5.000000e+000
5.000000000000000e-004	1.340889e-004	5.000000e+000
5.000010000000000e-004	1.340704e-004	5.000000e+000
5.000010022000026e-004	9.847574e-005	4.989000e+000
5.000010066000077e-004	2.727010e-005	4.967000e+000
5.000010947776092e-004	-1.401171e-003	4.526112e+000
5.000011829552106e-004	-2.826087e-003	4.085224e+000
5.000012711328121e-004	-4.247477e-003	3.644336e+000
5.000013593104136e-004	-5.665341e-003	3.203448e+000
5.000014474880151e-004	-7.079680e-003	2.762560e+000
5.000015356656165e-004	-8.490493e-003	2.321672e+000
5.000016238432180e-004	-9.897780e-003	1.880784e+000
5.000017495283611e-004	-1.186265e-002	1.252358e+000
5.000018163972493e-004	-1.288934e-002	9.180138e-001
5.000018662622236e-004	-1.363669e-002	6.686889e-001
5.000019002700516e-004	-1.413226e-002	4.986497e-001
5.000019365714152e-004	-1.464568e-002	3.171429e-001
5.000019457455575e-004	-1.476895e-002	2.712722e-001
5.000019640938422e-004	-1.500324e-002	1.795308e-001
5.000020000000000e-004	-1.543605e-002	0.000000e+000
5.000020001489188e-004	-1.543597e-002	0.000000e+000
5.000020004467564e-004	-1.543580e-002	0.000000e+000
5.000020022337819e-004	-1.543477e-002	0.000000e+000
5.000020046164825e-004	-1.543341e-002	0.000000e+000
5.000020093818837e-004	-1.543068e-002	0.000000e+000
5.000020189126861e-004	-1.542522e-002	0.000000e+000
5.000020379742911e-004	-1.541431e-002	0.000000e+000
5.000020760975009e-004	-1.539250e-002	0.000000e+000
5.000021523439204e-004	-1.534885e-002	0.000000e+000
5.000023048367596e-004	-1.526141e-002	0.000000e+000
5.000025649134728e-004	-1.511177e-002	0.000000e+000
5.000028965812754e-004	-1.491999e-002	0.000000e+000
5.000034052965077e-004	-1.462402e-002	0.000000e+000
5.000041285875841e-004	-1.420012e-002	0.000000e+000
5.000052693427519e-004	-1.352627e-002	0.000000e+000
5.000068790329946e-004	-1.256862e-002	0.000000e+000
5.000093371081842e-004	-1.109929e-002	0.000000e+000
5.000125395131713e-004	-9.181594e-003	0.000000e+000
5.000163583259114e-004	-6.894457e-003	0.000000e+000
5.000202111501338e-004	-4.587736e-003	0.000000e+000
5.000237448761204e-004	-2.472928e-003	0.000000e+000
5.000269599216718e-004	-5.497087e-004	0.000000e+000
5.000306796780256e-004	1.674247e-003	0.000000e+000
5.000361816382390e-004	4.961609e-003	0.000000e+000
5.000429058539361e-004	8.975928e-003	0.000000e+000
5.000516088311962e-004	1.416635e-002	0.000000e+000
5.000619878069607e-004	2.034937e-002	0.000000e+000
5.000752382159571e-004	2.823371e-002	0.000000e+000
5.000910354257786e-004	3.762328e-002	0.000000e+000
5.001060968389693e-004	4.656650e-002	0.000000e+000
5.001279090798860e-004	5.950585e-002	0.000000e+000
5.001577473952130e-004	7.718877e-002	0.000000e+000
5.002032477950103e-004	1.041242e-001	0.000000e+000
5.002611951410860e-004	1.383808e-001	0.000000e+000
5.003410404544795e-004	1.854821e-001	0.000000e+000
5.005376092725294e-004	3.008360e-001	0.000000e+000
5.007383483059371e-004	4.175095e-001	0.000000e+000
5.011398263727526e-004	6.476080e-001	0.000000e+000
5.019427825063837e-004	1.097347e+000	0.000000e+000
5.029427825063837e-004	1.637561e+000	0.000000e+000
5.039427825063838e-004	2.146274e+000	0.000000e+000
5.049427825063838e-004	2.610536e+000	0.000000e+000
5.059427825063838e-004	3.021583e+000	0.000000e+000
5.069427825063838e-004	3.376499e+000	0.000000e+000
5.079427825063839e-004	3.677002e+000	0.000000e+000
5.089427825063839e-004	3.927645e+000	0.000000e+000
5.099427825063839e-004	4.134346e+000	0.000000e+000
5.109427825063839e-004	4.303368e+000	0.000000e+000
5.119427825063840e-004	4.440703e+000	0.000000e+000
5.129427825063840e-004	4.551765e+000	0.000000e+000
5.139427825063840e-004	4.641261e+000	0.000000e+000
5.149427825063840e-004	4.713187e+000	0.000000e+000
5.159427825063840e-004	4.770875e+000	0.000000e+000
5.169427825063841e-004	4.817073e+000	0.000000e+000
5.179427825063841e-004	4.854024e+000	0.000000e+000
5.189427825063841e-004	4.883548e+000	0.000000e+000
5.199427825063841e-004	4.907117e+000	0.000000e+000
5.209427825063842e-004	4.925926e+000	0.000000e+000
5.219427825063842e-004	4.940932e+000	0.000000e+000
5.229427825063842e-004	4.952904e+000	0.000000e+000
5.239427825063842e-004	4.962452e+000	0.000000e+000
5.249427825063843e-004	4.970067e+000	0.000000e+000
5.259427825063843e-004	4.976139e+000	0.000000e+000
5.269427825063843e-004	4.980980e+000	0.000000e+000
5.279427825063843e-004	4.984839e+000	0.000000e+000
5.289427825063844e-004	4.987916e+000	0.000000e+000
5.299427825063844e-004	4.990368e+000	0.000000e+000
5.309427825063844e-004	4.992323e+000	0.000000e+000
5.319427825063844e-004	4.993881e+000	0.000000e+000
5.329427825063845e-004	4.995123e+000	0.000000e+000
5.339427825063845e-004	4.996113e+000	0.000000e+000
5.349427825063845e-004	4.996902e+000	0.000000e+000
5.359427825063845e-004	4.997531e+000	0.000000e+000
5.369427825063846e-004	4.998033e+000	0.000000e+000
5.379427825063846e-004	4.998432e+000	0.000000e+000
5.389427825063846e-004	4.998750e+000	0.000000e+000
5.399427825063846e-004	4.999004e+000	0.000000e+000
5.409427825063847e-004	4.999206e+000	0.000000e+000
5.419427825063847e-004	4.999367e+000	0.000000e+000
5.429427825063847e-004	4.999496e+000	0.000000e+000
5.439427825063847e-004	4.999598e+000	0.000000e+000
5.449427825063848e-004	4.999680e+000	0.000000e+000
5.459427825063848e-004	4.999745e+000	0.000000e+000
5.469427825063848e-004	4.999797e+000	0.000000e+000
5.479427825063848e-004	4.999838e+000	0.000000e+000
5.489427825063849e-004	4.999871e+000	0.000000e+000
5.499427825063849e-004	4.999897e+000	0.000000e+000
5.509427825063849e-004	4.999918e+000	0.000000e+000
5.519427825063849e-004	4.999935e+000	0.000000e+000
5.529427825063849e-004	4.999948e+000	0.000000e+000
5.539427825063850e-004	4.999959e+000	0.000000e+000
5.549427825063850e-004	4.999967e+000	0.000000e+000
5.559427825063850e-004	4.999973e+000	0.000000e+000
5.569427825063850e-004	4.999979e+000	0.000000e+000
5.579427825063851e-004	4.999983e+000	0.000000e+000
5.599427825063851e-004	4.999990e+000	0.000000e+000
5.629427825063852e-004	4.999995e+000	0.000000e+000
5.650856396492424e-004	4.999996e+000	0.000000e+000
5.672284967920996e-004	4.999998e+000	0.000000e+000
5.693713539349568e-004	4.999999e+000	0.000000e+000
5.715142110778139e-004	4.999999e+000	0.000000e+000
5.736570682206712e-004	5.000000e+000	0.000000e+000
5.757999253635283e-004	5.000000e+000	0.000000e+000
5.779427825063856e-004	5.000000e+000	0.000000e+000
5.999991995803282e-004	5.000000e+000	0.000000e+000
6.000000000000000e-004	5.000000e+000	0.000000e+000
