time	V(out)	V(vin)
0.000000000000000e+000	5.000000e+000	0.000000e+000
9.999999960041972e-012	5.000092e+000	5.000000e-002
1.999999992008394e-011	5.000183e+000	1.000000e-001
1.599999999315006e-010	5.001465e+000	8.000000e-001
2.999999999429172e-010	5.002739e+000	1.500000e+000
4.399999999543338e-010	5.004006e+000	2.200000e+000
5.799999999657505e-010	5.005264e+000	2.900000e+000
7.199999999771671e-010	5.006514e+000	3.600000e+000
8.599999999885837e-010	5.007756e+000	4.300000e+000
1.000000000000000e-009	5.008991e+000	5.000000e+000
1.001028114130312e-009	5.008991e+000	5.000000e+000
1.003084342390937e-009	5.008990e+000	5.000000e+000
2.205684127961726e-009	5.008602e+000	5.000000e+000
3.408283913532515e-009	5.008206e+000	5.000000e+000
4.610883699103305e-009	5.007803e+000	5.000000e+000
5.813483484674094e-009	5.007392e+000	5.000000e+000
7.016083270244884e-009	5.006974e+000	5.000000e+000
8.218683055815673e-009	5.006548e+000	5.000000e+000
9.421282841386460e-009	5.006114e+000	5.000000e+000
1.784359379690323e-008	5.002966e+000	5.000000e+000
2.874267603180222e-008	4.998640e+000	5.000000e+000
4.061691716687269e-008	4.993675e+000	5.000000e+000
5.168373155600571e-008	4.988872e+000	5.000000e+000
6.284173996786727e-008	4.983905e+000	5.000000e+000
7.214242994648525e-008	4.979696e+000	5.000000e+000
8.203112907648483e-008	4.975169e+000	5.000000e+000
9.147171592010977e-008	4.970808e+000	5.000000e+000
1.046275334260273e-007	4.964685e+000	5.000000e+000
1.209961850713622e-007	4.957021e+000	5.000000e+000
1.387330519920445e-007	4.948678e+000	5.000000e+000
1.522177167316217e-007	4.942316e+000	5.000000e+000
1.656785218518162e-007	4.935951e+000	5.000000e+000
1.816722380788555e-007	4.928375e+000	5.000000e+000
2.084726814427416e-007	4.915662e+000	5.000000e+000
2.417964100057587e-007	4.899838e+000	5.000000e+000
2.902181097001374e-007	4.876825e+000	5.000000e+000
3.548612290996387e-007	4.846083e+000	5.000000e+000
4.746897150440346e-007	4.789080e+000	5.000000e+000
6.104970940423783e-007	4.724491e+000	5.000000e+000
1.066650379243027e-006	4.507944e+000	5.000000e+000
1.674854759510558e-006	4.220168e+000	5.000000e+000
2.674854759510558e-006	3.748730e+000	5.000000e+000
3.674854759510559e-006	3.279933e+000	5.000000e+000
4.610115368879670e-006	2.847912e+000	5.000000e+000
5.457817228377474e-006	2.470267e+000	5.000000e+000
6.354708012804736e-006	2.096548e+000	5.000000e+000
7.354708012804735e-006	1.719091e+000	5.000000e+000
8.354708012804736e-006	1.388166e+000	5.000000e+000
9.354708012804737e-006	1.106689e+000	5.000000e+000
1.035470801280474e-005	8.728395e-001	5.000000e+000
1.135470801280474e-005	6.823249e-001	5.000000e+000
1.235470801280474e-005	5.295811e-001	5.000000e+000
1.335470801280474e-005	4.086860e-001	5.000000e+000
1.435470801280474e-005	3.139710e-001	5.000000e+000
1.535470801280474e-005	2.403597e-001	5.000000e+000
1.635470801280474e-005	1.835055e-001	5.000000e+000
1.735470801280474e-005	1.398084e-001	5.000000e+000
1.835470801280474e-005	1.063575e-001	5.000000e+000
1.935470801280474e-005	8.082592e-002	5.000000e+000
2.035470801280474e-005	6.137415e-002	5.000000e+000
2.135470801280474e-005	4.657388e-002	5.000000e+000
2.235470801280474e-005	3.532538e-002	5.000000e+000
2.335470801280474e-005	2.678353e-002	5.000000e+000
2.435470801280474e-005	2.030130e-002	5.000000e+000
2.535470801280474e-005	1.538454e-002	5.000000e+000
2.635470801280475e-005	1.165662e-002	5.000000e+000
2.735470801280475e-005	8.830916e-003	5.000000e+000
2.835470801280475e-005	6.689553e-003	5.000000e+000
2.935470801280475e-005	5.067067e-003	5.000000e+000
3.035470801280475e-005	3.837888e-003	5.000000e+000
3.135470801280475e-005	2.906763e-003	5.000000e+000
3.235470801280475e-005	2.201473e-003	5.000000e+000
3.335470801280474e-005	1.667272e-003	5.000000e+000
3.435470801280474e-005	1.262676e-003	5.000000e+000
3.535470801280474e-005	9.562495e-004	5.000000e+000
3.635470801280473e-005	7.241794e-004	5.000000e+000
3.735470801280473e-005	5.484257e-004	5.000000e+000
3.835470801280473e-005	4.153240e-004	5.000000e+000
3.935470801280473e-005	3.145245e-004	5.000000e+000
4.035470801280472e-005	2.381885e-004	5.000000e+000
4.135470801280472e-005	1.803792e-004	5.000000e+000
4.235470801280472e-005	1.366003e-004	5.000000e+000
4.335470801280471e-005	1.034468e-004	5.000000e+000
4.435470801280471e-005	7.833989e-005	5.000000e+000
4.535470801280471e-005	5.932663e-005	5.000000e+000
4.635470801280471e-005	4.492808e-005	5.000000e+000
4.735470801280470e-005	3.402421e-005	5.000000e+000
4.835470801280470e-005	2.576683e-005	5.000000e+000
4.935470801280470e-005	1.951362e-005	5.000000e+000
5.035470801280470e-005	1.477813e-005	5.000000e+000
5.135470801280469e-005	1.119201e-005	5.000000e+000
5.335470801280469e-005	6.419701e-006	5.000000e+000
5.635470801280468e-005	2.789702e-006	5.000000e+000
5.864042229851896e-005	1.826729e-006	5.000000e+000
6.092613658423324e-005	1.053598e-006	5.000000e+000
6.321185086994753e-005	4.703086e-007	5.000000e+000
6.549756515566180e-005	7.686193e-008	5.000000e+000
6.778327944137608e-005	-1.267425e-007	5.000000e+000
7.006899372709037e-005	-1.405047e-007	5.000000e+000
7.235470801280464e-005	3.557540e-008	5.000000e+000
1.000000000000000e-004	2.986932e-009	5.000000e+000
1.000010000000000e-004	2.986928e-009	5.000000e+000
1.000010022000000e-004	-3.388154e-005	4.989000e+000
1.000010066000001e-004	-1.016572e-004	4.967000e+000
1.000010858000006e-004	-1.321712e-003	4.571000e+000
1.000011650000011e-004	-2.541763e-003	4.175000e+000
1.000012442000016e-004	-3.761813e-003	3.779000e+000
1.000013234000021e-004	-4.981859e-003	3.383000e+000
1.000014026000026e-004	-6.201904e-003	2.987000e+000
1.000014818000031e-004	-7.421945e-003	2.591000e+000
1.000015610000037e-004	-8.641984e-003	2.195000e+000
1.000017747927932e-004	-1.193544e-002	1.126036e+000
1.000018759819793e-004	-1.349431e-002	6.200901e-001
1.000020000000000e-004	-1.540494e-002	0.000000e+000
1.000020004148150e-004	-1.540494e-002	0.000000e+000
1.000020012444450e-004	-1.540494e-002	0.000000e+000
1.000053977494779e-004	-1.540494e-002	0.000000e+000
1.000087959137707e-004	-1.540492e-002	0.000000e+000
1.000155922423563e-004	-1.536052e-002	0.000000e+000
1.000291848995275e-004	-1.496984e-002	0.000000e+000
1.000437382649100e-004	-1.408317e-002	0.000000e+000
1.000492492150481e-004	-1.356785e-002	0.000000e+000
1.000549977885895e-004	-1.290438e-002	0.000000e+000
1.000621741796610e-004	-1.200231e-002	0.000000e+000
1.000712214791596e-004	-1.079538e-002	0.000000e+000
1.000815407842547e-004	-9.363228e-003	0.000000e+000
1.000941272056184e-004	-7.575047e-003	0.000000e+000
1.001095341257252e-004	-5.360052e-003	0.000000e+000
1.001303495671120e-004	-2.352088e-003	0.000000e+000
1.001594676624019e-004	1.862395e-003	0.000000e+000
1.002065466237847e-004	8.678167e-003	0.000000e+000
1.002948741748795e-004	2.146473e-002	0.000000e+000
1.004492387221594e-004	4.380950e-002	0.000000e+000
1.007579678167192e-004	8.850930e-002	0.000000e+000
1.011330825742741e-004	1.428482e-001	0.000000e+000
1.015153580991512e-004	1.982237e-001	0.000000e+000
1.037688891728566e-004	5.234792e-001	0.000000e+000
1.060224202465621e-004	8.461775e-001	0.000000e+000
1.082759513202676e-004	1.166318e+000	0.000000e+000
1.105294823939730e-004	1.483902e+000	0.000000e+000
1.127830134676785e-004	1.798929e+000	0.000000e+000
1.150365445413840e-004	2.111398e+000	0.000000e+000
1.172900756150894e-004	2.421309e+000	0.000000e+000
1.192900756150894e-004	2.693181e+000	0.000000e+000
1.212900756150894e-004	2.958931e+000	0.000000e+000
1.232900756150894e-004	3.214144e+000	0.000000e+000
1.252900756150894e-004	3.454652e+000	0.000000e+000
1.272900756150894e-004	3.676984e+000	0.000000e+000
1.292900756150894e-004	3.878660e+000	0.000000e+000
1.322900756150894e-004	4.139795e+000	0.000000e+000
1.352900756150894e-004	4.351606e+000	0.000000e+000
1.372900756150894e-004	4.467317e+000	0.000000e+000
1.382900756150894e-004	4.518188e+000	0.000000e+000
1.392900756150894e-004	4.564742e+000	0.000000e+000
1.402900756150894e-004	4.607246e+000	0.000000e+000
1.412900756150894e-004	4.645969e+000	0.000000e+000
1.422900756150894e-004	4.681178e+000	0.000000e+000
1.432900756150894e-004	4.713135e+000	0.000000e+000
1.442900756150894e-004	4.742092e+000	0.000000e+000
1.452900756150893e-004	4.768291e+000	0.000000e+000
1.462900756150893e-004	4.791965e+000	0.000000e+000
1.472900756150893e-004	4.813329e+000	0.000000e+000
1.482900756150893e-004	4.832588e+000	0.000000e+000
1.492900756150893e-004	4.849932e+000	0.000000e+000
1.502900756150893e-004	4.865537e+000	0.000000e+000
1.512900756150893e-004	4.879566e+000	0.000000e+000
1.522900756150893e-004	4.892169e+000	0.000000e+000
1.532900756150893e-004	4.903483e+000	0.000000e+000
1.542900756150893e-004	4.913635e+000	0.000000e+000
1.552900756150893e-004	4.922738e+000	0.000000e+000
1.562900756150893e-004	4.930898e+000	0.000000e+000
1.572900756150893e-004	4.938209e+000	0.000000e+000
1.582900756150893e-004	4.944756e+000	0.000000e+000
1.592900756150893e-004	4.950617e+000	0.000000e+000
1.602900756150893e-004	4.955863e+000	0.000000e+000
1.612900756150893e-004	4.960557e+000	0.000000e+000
1.622900756150893e-004	4.964756e+000	0.000000e+000
1.632900756150893e-004	4.968511e+000	0.000000e+000
1.642900756150893e-004	4.971869e+000	0.000000e+000
1.652900756150893e-004	4.974871e+000	0.000000e+000
1.662900756150893e-004	4.977554e+000	0.000000e+000
1.672900756150893e-004	4.979952e+000	0.000000e+000
1.682900756150893e-004	4.982095e+000	0.000000e+000
1.692900756150893e-004	4.984010e+000	0.000000e+000
1.702900756150893e-004	4.985721e+000	0.000000e+000
1.712900756150893e-004	4.987248e+000	0.000000e+000
1.722900756150893e-004	4.988614e+000	0.000000e+000
1.732900756150893e-004	4.989833e+000	0.000000e+000
1.742900756150893e-004	4.990922e+000	0.000000e+000
1.752900756150893e-004	4.991895e+000	0.000000e+000
1.762900756150893e-004	4.992763e+000	0.000000e+000
1.772900756150893e-004	4.993539e+000	0.000000e+000
1.782900756150893e-004	4.994231e+000	0.000000e+000
1.792900756150893e-004	4.994850e+000	0.000000e+000
1.802900756150893e-004	4.995402e+000	0.000000e+000
1.812900756150892e-004	4.995895e+000	0.000000e+000
1.822900756150892e-004	4.996335e+000	0.000000e+000
1.832900756150892e-004	4.996728e+000	0.000000e+000
1.842900756150892e-004	4.997079e+000	0.000000e+000
1.852900756150892e-004	4.997393e+000	0.000000e+000
1.862900756150892e-004	4.997672e+000	0.000000e+000
1.872900756150892e-004	4.997922e+000	0.000000e+000
1.882900756150892e-004	4.998145e+000	0.000000e+000
1.892900756150892e-004	4.998344e+000	0.000000e+000
1.902900756150892e-004	4.998522e+000	0.000000e+000
1.912900756150892e-004	4.998680e+000	0.000000e+000
1.922900756150892e-004	4.998822e+000	0.000000e+000
1.932900756150892e-004	4.998949e+000	0.000000e+000
1.942900756150892e-004	4.999062e+000	0.000000e+000
1.952900756150892e-004	4.999162e+000	0.000000e+000
1.962900756150892e-004	4.999252e+000	0.000000e+000
1.972900756150892e-004	4.999332e+000	0.000000e+000
1.976770648129336e-004	4.999361e+000	0.000000e+000
1.980640540107780e-004	4.999389e+000	0.000000e+000
1.984510432086224e-004	4.999416e+000	0.000000e+000
1.988380324064668e-004	4.999441e+000	0.000000e+000
1.992250216043112e-004	4.999466e+000	0.000000e+000
1.996120108021556e-004	4.999488e+000	0.000000e+000
1.999990000000000e-004	4.999510e+000	0.000000e+000
2.000000000000000e-004	4.999511e+000	0.000000e+000
2.000000096061238e-004	4.999599e+000	4.803062e-002
2.000000288183713e-004	4.999774e+000	1.440919e-001
2.000002977898364e-004	5.002232e+000	1.488949e+000
2.000006051857966e-004	5.005005e+000	3.025929e+000
2.000010000000000e-004	5.008518e+000	5.000000e+000
2.000010010271892e-004	5.008517e+000	5.000000e+000
2.000010030815676e-004	5.008517e+000	5.000000e+000
2.000022045994455e-004	5.008129e+000	5.000000e+000
2.000034061173233e-004	5.007734e+000	5.000000e+000
2.000046076352012e-004	5.007331e+000	5.000000e+000
2.000058091530790e-004	5.006921e+000	5.000000e+000
2.000070106709569e-004	5.006503e+000	5.000000e+000
2.000082121888347e-004	5.006077e+000	5.000000e+000
2.000094137067126e-004	5.005644e+000	5.000000e+000
2.000178284406143e-004	5.002500e+000	5.000000e+000
2.000287183453709e-004	4.998178e+000	5.000000e+000
2.000405862871595e-004	4.993217e+000	5.000000e+000
2.000516428908567e-004	4.988419e+000	5.000000e+000
2.000627882095958e-004	4.983459e+000	5.000000e+000
2.000720581755277e-004	4.979264e+000	5.000000e+000
2.000819216114627e-004	4.974748e+000	5.000000e+000
2.000913567157643e-004	4.970390e+000	5.000000e+000
2.001045391531241e-004	4.964256e+000	5.000000e+000
2.001209111736806e-004	4.956591e+000	5.000000e+000
2.001385684638371e-004	4.948286e+000	5.000000e+000
2.001519871039503e-004	4.941955e+000	5.000000e+000
2.001653773876918e-004	4.935623e+000	5.000000e+000
2.001816008037675e-004	4.927938e+000	5.000000e+000
2.002083537867803e-004	4.915249e+000	5.000000e+000
2.002418565202319e-004	4.899340e+000	5.000000e+000
2.002901434228960e-004	4.876390e+000	5.000000e+000
2.003550333293863e-004	4.845531e+000	5.000000e+000
2.004748797418036e-004	4.788519e+000	5.000000e+000
2.006090742244687e-004	4.724697e+000	5.000000e+000
2.010730788473092e-004	4.504430e+000	5.000000e+000
2.016917516777633e-004	4.211719e+000	5.000000e+000
2.026917516777633e-004	3.740317e+000	5.000000e+000
2.036917516777633e-004	3.271591e+000	5.000000e+000
2.046261126223325e-004	2.840161e+000	5.000000e+000
2.054713509675167e-004	2.463922e+000	5.000000e+000
2.063660160934887e-004	2.091586e+000	5.000000e+000
2.073660160934887e-004	1.714710e+000	5.000000e+000
2.083660160934887e-004	1.384392e+000	5.000000e+000
2.093660160934887e-004	1.103520e+000	5.000000e+000
2.103660160934887e-004	8.702348e-001	5.000000e+000
2.113660160934887e-004	6.802219e-001	5.000000e+000
2.123660160934887e-004	5.279071e-001	5.000000e+000
2.133660160934887e-004	4.073687e-001	5.000000e+000
2.143660160934886e-004	3.129437e-001	5.000000e+000
2.153660160934886e-004	2.395641e-001	5.000000e+000
2.163660160934886e-004	1.828927e-001	5.000000e+000
2.173660160934886e-004	1.393385e-001	5.000000e+000
2.183660160934886e-004	1.059985e-001	5.000000e+000
2.193660160934886e-004	8.055224e-002	5.000000e+000
2.203660160934886e-004	6.116580e-002	5.000000e+000
2.213660160934886e-004	4.641545e-002	5.000000e+000
2.223660160934886e-004	3.520503e-002	5.000000e+000
2.233660160934886e-004	2.669217e-002	5.000000e+000
2.243660160934886e-004	2.023199e-002	5.000000e+000
2.253660160934886e-004	1.533198e-002	5.000000e+000
2.263660160934886e-004	1.161678e-002	5.000000e+000
2.273660160934886e-004	8.800719e-003	5.000000e+000
2.283660160934886e-004	6.666671e-003	5.000000e+000
2.293660160934886e-004	5.049732e-003	5.000000e+000
2.303660160934886e-004	3.824755e-003	5.000000e+000
2.313660160934886e-004	2.896816e-003	5.000000e+000
2.323660160934886e-004	2.193938e-003	5.000000e+000
2.333660160934886e-004	1.661565e-003	5.000000e+000
2.343660160934886e-004	1.258353e-003	5.000000e+000
2.353660160934886e-004	9.529759e-004	5.000000e+000
2.363660160934886e-004	7.217003e-004	5.000000e+000
2.373660160934886e-004	5.465482e-004	5.000000e+000
2.383660160934886e-004	4.139021e-004	5.000000e+000
2.393660160934886e-004	3.134477e-004	5.000000e+000
2.403660160934886e-004	2.373731e-004	5.000000e+000
2.413660160934886e-004	1.797616e-004	5.000000e+000
2.423660160934886e-004	1.361326e-004	5.000000e+000
2.433660160934886e-004	1.030926e-004	5.000000e+000
2.443660160934886e-004	7.807168e-005	5.000000e+000
2.453660160934886e-004	5.912352e-005	5.000000e+000
2.463660160934886e-004	4.477427e-005	5.000000e+000
2.473660160934886e-004	3.390773e-005	5.000000e+000
2.483660160934887e-004	2.567862e-005	5.000000e+000
2.493660160934887e-004	1.944682e-005	5.000000e+000
2.503660160934887e-004	1.472755e-005	5.000000e+000
2.513660160934887e-004	1.115370e-005	5.000000e+000
2.533660160934888e-004	6.397732e-006	5.000000e+000
2.563660160934889e-004	2.780161e-006	5.000000e+000
2.586517303792032e-004	1.820484e-006	5.000000e+000
2.609374446649176e-004	1.050000e-006	5.000000e+000
2.632231589506319e-004	4.687084e-007	5.000000e+000
2.655088732363462e-004	7.660882e-008	5.000000e+000
2.677945875220605e-004	-1.262985e-007	5.000000e+000
2.700803018077749e-004	-1.400136e-007	5.000000e+000
2.723660160934892e-004	3.546361e-008	5.000000e+000
3.000000000000000e-004	2.986663e-009	5.000000e+000
3.000010000000000e-004	2.986346e-009	5.000000e+000
3.000010022000001e-004	-3.388154e-005	4.989000e+000
3.000010066000001e-004	-1.016572e-004	4.967000e+000
3.000010858000006e-004	-1.321712e-003	4.571000e+000
3.000011650000011e-004	-2.541763e-003	4.175000e+000
3.000012442000016e-004	-3.761813e-003	3.779000e+000
3.000013234000021e-004	-4.981859e-003	3.383000e+000
3.000014026000026e-004	-6.201904e-003	2.987000e+000
3.000014818000032e-004	-7.421945e-003	2.591000e+000
3.000015610000037e-004	-8.641984e-003	2.195000e+000
3.000017758156274e-004	-1.195120e-002	1.120922e+000
3.000018785390650e-004	-1.353370e-002	6.073047e-001
3.000020000000000e-004	-1.540494e-002	5.679901e-011
3.000020004148144e-004	-1.540494e-002	0.000000e+000
3.000020012444431e-004	-1.540494e-002	0.000000e+000
3.000053977444369e-004	-1.540494e-002	0.000000e+000
3.000087959036882e-004	-1.540492e-002	0.000000e+000
3.000155922221908e-004	-1.536055e-002	0.000000e+000
3.000291848591960e-004	-1.496996e-002	0.000000e+000
3.000437480323222e-004	-1.408275e-002	0.000000e+000
3.000492595901924e-004	-1.356737e-002	0.000000e+000
3.000550070848601e-004	-1.290397e-002	0.000000e+000
3.000621841532980e-004	-1.200178e-002	0.000000e+000
3.000712317864494e-004	-1.079477e-002	0.000000e+000
3.000815528223926e-004	-9.362348e-003	0.000000e+000
3.000941401270206e-004	-7.574025e-003	0.000000e+000
3.001095498623157e-004	-5.358615e-003	0.000000e+000
3.001303681249826e-004	-2.350238e-003	0.000000e+000
3.001594939874233e-004	1.865370e-003	0.000000e+000
3.002065857201255e-004	8.682991e-003	0.000000e+000
3.002949562476743e-004	2.147578e-002	0.000000e+000
3.004493994155442e-004	4.383193e-002	0.000000e+000
3.007582857512841e-004	8.855452e-002	0.000000e+000
3.011334828295542e-004	1.429054e-001	0.000000e+000
3.015157483022929e-004	1.982794e-001	0.000000e+000
3.037694497851838e-004	5.235590e-001	0.000000e+000
3.060231512680747e-004	8.462810e-001	0.000000e+000
3.082768527509657e-004	1.166445e+000	0.000000e+000
3.105305542338566e-004	1.484052e+000	0.000000e+000
3.127842557167475e-004	1.799101e+000	0.000000e+000
3.150379571996385e-004	2.111592e+000	0.000000e+000
3.172916586825294e-004	2.421525e+000	0.000000e+000
3.192916586825294e-004	2.693393e+000	0.000000e+000
3.212916586825294e-004	2.959137e+000	0.000000e+000
3.232916586825295e-004	3.214339e+000	0.000000e+000
3.252916586825295e-004	3.454834e+000	0.000000e+000
3.272916586825296e-004	3.677151e+000	0.000000e+000
3.292916586825296e-004	3.878810e+000	0.000000e+000
3.322916586825297e-004	4.139919e+000	0.000000e+000
3.352916586825298e-004	4.351705e+000	0.000000e+000
3.372916586825298e-004	4.467401e+000	0.000000e+000
3.382916586825299e-004	4.518264e+000	0.000000e+000
3.392916586825299e-004	4.564812e+000	0.000000e+000
3.402916586825299e-004	4.607310e+000	0.000000e+000
3.412916586825299e-004	4.646027e+000	0.000000e+000
3.422916586825300e-004	4.681231e+000	0.000000e+000
3.432916586825300e-004	4.713182e+000	0.000000e+000
3.442916586825300e-004	4.742135e+000	0.000000e+000
3.452916586825300e-004	4.768331e+000	0.000000e+000
3.462916586825301e-004	4.792000e+000	0.000000e+000
3.472916586825301e-004	4.813361e+000	0.000000e+000
3.482916586825301e-004	4.832617e+000	0.000000e+000
3.492916586825301e-004	4.849957e+000	0.000000e+000
3.502916586825302e-004	4.865560e+000	0.000000e+000
3.512916586825302e-004	4.879587e+000	0.000000e+000
3.522916586825302e-004	4.892188e+000	0.000000e+000
3.532916586825302e-004	4.903500e+000	0.000000e+000
3.542916586825302e-004	4.913650e+000	0.000000e+000
3.552916586825303e-004	4.922752e+000	0.000000e+000
3.562916586825303e-004	4.930910e+000	0.000000e+000
3.572916586825303e-004	4.938220e+000	0.000000e+000
3.582916586825303e-004	4.944766e+000	0.000000e+000
3.592916586825304e-004	4.950626e+000	0.000000e+000
3.602916586825304e-004	4.955871e+000	0.000000e+000
3.612916586825304e-004	4.960564e+000	0.000000e+000
3.622916586825304e-004	4.964762e+000	0.000000e+000
3.632916586825305e-004	4.968517e+000	0.000000e+000
3.642916586825305e-004	4.971874e+000	0.000000e+000
3.652916586825305e-004	4.974875e+000	0.000000e+000
3.662916586825305e-004	4.977558e+000	0.000000e+000
3.672916586825306e-004	4.979956e+000	0.000000e+000
3.682916586825306e-004	4.982099e+000	0.000000e+000
3.692916586825306e-004	4.984013e+000	0.000000e+000
3.702916586825306e-004	4.985723e+000	0.000000e+000
3.712916586825307e-004	4.987251e+000	0.000000e+000
3.722916586825307e-004	4.988616e+000	0.000000e+000
3.732916586825307e-004	4.989835e+000	0.000000e+000
3.742916586825307e-004	4.990923e+000	0.000000e+000
3.752916586825308e-004	4.991896e+000	0.000000e+000
3.762916586825308e-004	4.992764e+000	0.000000e+000
3.772916586825308e-004	4.993540e+000	0.000000e+000
3.782916586825308e-004	4.994232e+000	0.000000e+000
3.792916586825309e-004	4.994851e+000	0.000000e+000
3.802916586825309e-004	4.995403e+000	0.000000e+000
3.812916586825309e-004	4.995896e+000	0.000000e+000
3.822916586825309e-004	4.996336e+000	0.000000e+000
3.832916586825310e-004	4.996729e+000	0.000000e+000
3.842916586825310e-004	4.997080e+000	0.000000e+000
3.852916586825310e-004	4.997393e+000	0.000000e+000
3.862916586825310e-004	4.997673e+000	0.000000e+000
3.872916586825311e-004	4.997922e+000	0.000000e+000
3.882916586825311e-004	4.998145e+000	0.000000e+000
3.892916586825311e-004	4.998344e+000	0.000000e+000
3.902916586825311e-004	4.998522e+000	0.000000e+000
3.912916586825311e-004	4.998681e+000	0.000000e+000
3.922916586825312e-004	4.998822e+000	0.000000e+000
3.932916586825312e-004	4.998949e+000	0.000000e+000
3.942916586825312e-004	4.999062e+000	0.000000e+000
3.952916586825312e-004	4.999162e+000	0.000000e+000
3.962916586825313e-004	4.999252e+000	0.000000e+000
3.972916586825313e-004	4.999332e+000	0.000000e+000
3.976784217278840e-004	4.999361e+000	0.000000e+000
3.980651847732367e-004	4.999389e+000	0.000000e+000
3.984519478185893e-004	4.999416e+000	0.000000e+000
3.988387108639420e-004	4.999441e+000	0.000000e+000
3.992254739092946e-004	4.999466e+000	0.000000e+000
3.996122369546474e-004	4.999488e+000	0.000000e+000
3.999990000000000e-004	4.999510e+000	0.000000e+000
4.000000000000000e-004	4.999511e+000	0.000000e+000
4.000000096061238e-004	4.999599e+000	4.803062e-002
4.000000288183713e-004	4.999774e+000	1.440919e-001
4.000002977898365e-004	5.002232e+000	1.488949e+000
4.000006051857967e-004	5.005005e+000	3.025929e+000
4.000010000000000e-004	5.008518e+000	5.000000e+000
4.000010010271892e-004	5.008517e+000	5.000000e+000
4.000010030815676e-004	5.008517e+000	5.000000e+000
4.000022045994447e-004	5.008129e+000	5.000000e+000
4.000034061173219e-004	5.007734e+000	5.000000e+000
4.000046076351990e-004	5.007331e+000	5.000000e+000
4.000058091530761e-004	5.006921e+000	5.000000e+000
4.000070106709532e-004	5.006503e+000	5.000000e+000
4.000082121888304e-004	5.006077e+000	5.000000e+000
4.000094137067075e-004	5.005644e+000	5.000000e+000
4.000178284406041e-004	5.002500e+000	5.000000e+000
4.000287183453537e-004	4.998178e+000	5.000000e+000
4.000405862871377e-004	4.993217e+000	5.000000e+000
4.000516428908267e-004	4.988419e+000	5.000000e+000
4.000627882095557e-004	4.983459e+000	5.000000e+000
4.000720581754620e-004	4.979264e+000	5.000000e+000
4.000819216113761e-004	4.974748e+000	5.000000e+000
4.000913568094335e-004	4.970390e+000	5.000000e+000
4.001045392128286e-004	4.964256e+000	5.000000e+000
4.001209113000313e-004	4.956591e+000	5.000000e+000
4.001385685267148e-004	4.948286e+000	5.000000e+000
4.001519871555054e-004	4.941955e+000	5.000000e+000
4.001653774248679e-004	4.935623e+000	5.000000e+000
4.001816009108458e-004	4.927938e+000	5.000000e+000
4.002083538902220e-004	4.915249e+000	5.000000e+000
4.002418566994840e-004	4.899340e+000	5.000000e+000
4.002901436116252e-004	4.876390e+000	5.000000e+000
4.003550336799840e-004	4.845531e+000	5.000000e+000
4.004748804011401e-004	4.788519e+000	5.000000e+000
4.006090745826659e-004	4.724697e+000	5.000000e+000
4.010730820688554e-004	4.504428e+000	5.000000e+000
4.016917587171081e-004	4.211715e+000	5.000000e+000
4.026917587171081e-004	3.740313e+000	5.000000e+000
4.036917587171082e-004	3.271588e+000	5.000000e+000
4.046261194723823e-004	2.840158e+000	5.000000e+000
4.054713570560579e-004	2.463919e+000	5.000000e+000
4.063660214592829e-004	2.091584e+000	5.000000e+000
4.073660214592829e-004	1.714708e+000	5.000000e+000
4.083660214592829e-004	1.384390e+000	5.000000e+000
4.093660214592830e-004	1.103518e+000	5.000000e+000
4.103660214592830e-004	8.702337e-001	5.000000e+000
4.113660214592830e-004	6.802210e-001	5.000000e+000
4.123660214592830e-004	5.279064e-001	5.000000e+000
4.133660214592831e-004	4.073681e-001	5.000000e+000
4.143660214592831e-004	3.129432e-001	5.000000e+000
4.153660214592831e-004	2.395638e-001	5.000000e+000
4.163660214592831e-004	1.828925e-001	5.000000e+000
4.173660214592832e-004	1.393383e-001	5.000000e+000
4.183660214592832e-004	1.059984e-001	5.000000e+000
4.193660214592832e-004	8.055212e-002	5.000000e+000
4.203660214592832e-004	6.116571e-002	5.000000e+000
4.213660214592833e-004	4.641538e-002	5.000000e+000
4.223660214592833e-004	3.520498e-002	5.000000e+000
4.233660214592833e-004	2.669213e-002	5.000000e+000
4.243660214592833e-004	2.023196e-002	5.000000e+000
4.253660214592833e-004	1.533196e-002	5.000000e+000
4.263660214592834e-004	1.161676e-002	5.000000e+000
4.273660214592834e-004	8.800706e-003	5.000000e+000
4.283660214592834e-004	6.666661e-003	5.000000e+000
4.293660214592834e-004	5.049724e-003	5.000000e+000
4.303660214592835e-004	3.824749e-003	5.000000e+000
4.313660214592835e-004	2.896811e-003	5.000000e+000
4.323660214592835e-004	2.193934e-003	5.000000e+000
4.333660214592835e-004	1.661563e-003	5.000000e+000
4.343660214592836e-004	1.258351e-003	5.000000e+000
4.353660214592836e-004	9.529745e-004	5.000000e+000
4.363660214592836e-004	7.216992e-004	5.000000e+000
4.373660214592836e-004	5.465474e-004	5.000000e+000
4.383660214592837e-004	4.139015e-004	5.000000e+000
4.393660214592837e-004	3.134473e-004	5.000000e+000
4.403660214592837e-004	2.373727e-004	5.000000e+000
4.413660214592837e-004	1.797614e-004	5.000000e+000
4.423660214592838e-004	1.361324e-004	5.000000e+000
4.433660214592838e-004	1.030925e-004	5.000000e+000
4.443660214592838e-004	7.807156e-005	5.000000e+000
4.453660214592838e-004	5.912343e-005	5.000000e+000
4.463660214592839e-004	4.477420e-005	5.000000e+000
4.473660214592839e-004	3.390768e-005	5.000000e+000
4.483660214592839e-004	2.567859e-005	5.000000e+000
4.493660214592839e-004	1.944679e-005	5.000000e+000
4.503660214592840e-004	1.472753e-005	5.000000e+000
4.513660214592840e-004	1.115369e-005	5.000000e+000
4.533660214592840e-004	6.397722e-006	5.000000e+000
4.563660214592841e-004	2.780157e-006	5.000000e+000
4.586517357449984e-004	1.820482e-006	5.000000e+000
4.609374500307128e-004	1.049999e-006	5.000000e+000
4.632231643164271e-004	4.687077e-007	5.000000e+000
4.655088786021415e-004	7.660871e-008	5.000000e+000
4.677945928878558e-004	-1.262983e-007	5.000000e+000
4.700803071735702e-004	-1.400134e-007	5.000000e+000
4.723660214592845e-004	3.546356e-008	5.000000e+000
5.000000000000000e-004	2.986767e-009	5.000000e+000
5.000010000000000e-004	2.986763e-009	5.000000e+000
5.000010022000001e-004	-3.388154e-005	4.989000e+000
5.000010066000001e-004	-1.016572e-004	4.967000e+000
5.000010858000006e-004	-1.321712e-003	4.571000e+000
5.000011650000011e-004	-2.541763e-003	4.175000e+000
5.000012442000016e-004	-3.761813e-003	3.779000e+000
5.000013234000021e-004	-4.981859e-003	3.383000e+000
5.000014026000026e-004	-6.201904e-003	2.987000e+000
5.000014818000031e-004	-7.421945e-003	2.591000e+000
5.000015610000036e-004	-8.641984e-003	2.195000e+000
5.000017758161998e-004	-1.195121e-002	1.120919e+000
5.000018785404959e-004	-1.353373e-002	6.072975e-001
5.000020000000000e-004	-1.540494e-002	0.000000e+000
5.000020004148144e-004	-1.540494e-002	0.000000e+000
5.000020012444431e-004	-1.540494e-002	0.000000e+000
5.000053977444299e-004	-1.540494e-002	0.000000e+000
5.000087959036743e-004	-1.540492e-002	0.000000e+000
5.000155922221629e-004	-1.536055e-002	0.000000e+000
5.000291848591403e-004	-1.496996e-002	0.000000e+000
5.000437480377885e-004	-1.408275e-002	0.000000e+000
5.000492595941469e-004	-1.356737e-002	0.000000e+000
5.000550070874901e-004	-1.290397e-002	0.000000e+000
5.000621841561055e-004	-1.200178e-002	0.000000e+000
5.000712317891616e-004	-1.079477e-002	0.000000e+000
5.000815528254892e-004	-9.362348e-003	0.000000e+000
5.000941401297252e-004	-7.574025e-003	0.000000e+000
5.001095498653000e-004	-5.358615e-003	0.000000e+000
5.001303681274518e-004	-2.350238e-003	0.000000e+000
5.001594939904241e-004	1.865370e-003	0.000000e+000
5.002065857219507e-004	8.682991e-003	0.000000e+000
5.002949562506507e-004	2.147578e-002	0.000000e+000
5.004493994153246e-004	4.383193e-002	0.000000e+000
5.007582857446725e-004	8.855452e-002	0.000000e+000
5.011334828200152e-004	1.429054e-001	0.000000e+000
5.015157482927444e-004	1.982794e-001	0.000000e+000
5.037694497700686e-004	5.235590e-001	0.000000e+000
5.060231512473927e-004	8.462810e-001	0.000000e+000
5.082768527247169e-004	1.166445e+000	0.000000e+000
5.105305542020410e-004	1.484052e+000	0.000000e+000
5.127842556793651e-004	1.799101e+000	0.000000e+000
5.150379571566893e-004	2.111592e+000	0.000000e+000
5.172916586340135e-004	2.421525e+000	0.000000e+000
5.192916586340135e-004	2.693393e+000	0.000000e+000
5.212916586340136e-004	2.959137e+000	0.000000e+000
5.232916586340136e-004	3.214339e+000	0.000000e+000
5.252916586340136e-004	3.454834e+000	0.000000e+000
5.272916586340137e-004	3.677151e+000	0.000000e+000
5.292916586340137e-004	3.878810e+000	0.000000e+000
5.322916586340138e-004	4.139919e+000	0.000000e+000
5.352916586340139e-004	4.351705e+000	0.000000e+000
5.372916586340139e-004	4.467401e+000	0.000000e+000
5.382916586340140e-004	4.518264e+000	0.000000e+000
5.392916586340140e-004	4.564812e+000	0.000000e+000
5.402916586340140e-004	4.607310e+000	0.000000e+000
5.412916586340140e-004	4.646027e+000	0.000000e+000
5.422916586340141e-004	4.681231e+000	0.000000e+000
5.432916586340141e-004	4.713182e+000	0.000000e+000
5.442916586340141e-004	4.742135e+000	0.000000e+000
5.452916586340141e-004	4.768331e+000	0.000000e+000
5.462916586340142e-004	4.792000e+000	0.000000e+000
5.472916586340142e-004	4.813361e+000	0.000000e+000
5.482916586340142e-004	4.832617e+000	0.000000e+000
5.492916586340142e-004	4.849957e+000	0.000000e+000
5.502916586340143e-004	4.865560e+000	0.000000e+000
5.512916586340143e-004	4.879587e+000	0.000000e+000
5.522916586340143e-004	4.892188e+000	0.000000e+000
5.532916586340143e-004	4.903500e+000	0.000000e+000
5.542916586340144e-004	4.913650e+000	0.000000e+000
5.552916586340144e-004	4.922752e+000	0.000000e+000
5.562916586340144e-004	4.930910e+000	0.000000e+000
5.572916586340144e-004	4.938220e+000	0.000000e+000
5.582916586340145e-004	4.944766e+000	0.000000e+000
5.592916586340145e-004	4.950626e+000	0.000000e+000
5.602916586340145e-004	4.955871e+000	0.000000e+000
5.612916586340145e-004	4.960564e+000	0.000000e+000
5.622916586340145e-004	4.964762e+000	0.000000e+000
5.632916586340146e-004	4.968517e+000	0.000000e+000
5.642916586340146e-004	4.971874e+000	0.000000e+000
5.652916586340146e-004	4.974875e+000	0.000000e+000
5.662916586340146e-004	4.977558e+000	0.000000e+000
5.672916586340147e-004	4.979956e+000	0.000000e+000
5.682916586340147e-004	4.982099e+000	0.000000e+000
5.692916586340147e-004	4.984013e+000	0.000000e+000
5.702916586340147e-004	4.985723e+000	0.000000e+000
5.712916586340148e-004	4.987251e+000	0.000000e+000
5.722916586340148e-004	4.988616e+000	0.000000e+000
5.732916586340148e-004	4.989835e+000	0.000000e+000
5.742916586340148e-004	4.990923e+000	0.000000e+000
5.752916586340149e-004	4.991896e+000	0.000000e+000
5.762916586340149e-004	4.992764e+000	0.000000e+000
5.772916586340149e-004	4.993540e+000	0.000000e+000
5.782916586340149e-004	4.994232e+000	0.000000e+000
5.792916586340150e-004	4.994851e+000	0.000000e+000
5.802916586340150e-004	4.995403e+000	0.000000e+000
5.812916586340150e-004	4.995896e+000	0.000000e+000
5.822916586340150e-004	4.996336e+000	0.000000e+000
5.832916586340151e-004	4.996729e+000	0.000000e+000
5.842916586340151e-004	4.997080e+000	0.000000e+000
5.852916586340151e-004	4.997393e+000	0.000000e+000
5.862916586340151e-004	4.997673e+000	0.000000e+000
5.872916586340152e-004	4.997922e+000	0.000000e+000
5.882916586340152e-004	4.998145e+000	0.000000e+000
5.892916586340152e-004	4.998344e+000	0.000000e+000
5.902916586340152e-004	4.998522e+000	0.000000e+000
5.912916586340153e-004	4.998681e+000	0.000000e+000
5.922916586340153e-004	4.998822e+000	0.000000e+000
5.932916586340153e-004	4.998949e+000	0.000000e+000
5.942916586340153e-004	4.999062e+000	0.000000e+000
5.952916586340154e-004	4.999162e+000	0.000000e+000
5.962916586340154e-004	4.999252e+000	0.000000e+000
5.972916586340154e-004	4.999332e+000	0.000000e+000
5.976782788291560e-004	4.999361e+000	0.000000e+000
5.980648990242967e-004	4.999389e+000	0.000000e+000
5.984515192194373e-004	4.999416e+000	0.000000e+000
5.988381394145780e-004	4.999441e+000	0.000000e+000
5.992247596097185e-004	4.999466e+000	0.000000e+000
5.996113798048592e-004	4.999488e+000	0.000000e+000
5.999979999999998e-004	4.999510e+000	0.000000e+000
5.999990000000010e-004	4.999510e+000	0.000000e+000
6.000000000000000e-004	4.999511e+000	0.000000e+000
