time	V(out)	V(vin)
0.000000000000000e+000	5.000000e+000	0.000000e+000
9.999999960041972e-012	5.000245e+000	5.000000e-002
1.999999992008394e-011	5.000490e+000	1.000000e-001
1.085714281375986e-010	5.002658e+000	5.428571e-001
1.971428563551132e-010	5.004816e+000	9.857143e-001
2.857142845726278e-010	5.006962e+000	1.428571e+000
3.742857127901425e-010	5.009098e+000	1.871429e+000
4.628571410076571e-010	5.011222e+000	2.314286e+000
5.514285692251717e-010	5.013336e+000	2.757143e+000
6.399999974426862e-010	5.015438e+000	3.200000e+000
8.066980235821163e-010	5.019339e+000	4.033490e+000
8.762605458071572e-010	5.020918e+000	4.381303e+000
9.295974128281021e-010	5.022091e+000	4.647987e+000
9.558838039752410e-010	5.022651e+000	4.779419e+000
9.643403902447595e-010	5.022825e+000	4.821702e+000
9.812535627837966e-010	5.023163e+000	4.906268e+000
1.000000000000000e-009	5.023527e+000	5.000000e+000
1.000359383629066e-009	5.023527e+000	5.000000e+000
1.001078150887199e-009	5.023526e+000	5.000000e+000
1.002515685403464e-009	5.023525e+000	5.000000e+000
1.005390754435994e-009	5.023522e+000	5.000000e+000
1.011140892501055e-009	5.023517e+000	5.000000e+000
1.022641168631176e-009	5.023505e+000	5.000000e+000
1.045641720891418e-009	5.023483e+000	5.000000e+000
1.091642825411903e-009	5.023440e+000	5.000000e+000
1.162836176368348e-009	5.023373e+000	5.000000e+000
1.264522068995686e-009	5.023277e+000	5.000000e+000
1.418936897928901e-009	5.023132e+000	5.000000e+000
1.660608324605566e-009	5.022905e+000	5.000000e+000
2.033952026826944e-009	5.022553e+000	5.000000e+000
2.602116313995037e-009	5.022018e+000	5.000000e+000
3.467789155751639e-009	5.021202e+000	5.000000e+000
4.788200353804678e-009	5.019954e+000	5.000000e+000
6.799982055833590e-009	5.018050e+000	5.000000e+000
9.851009977299170e-009	5.015158e+000	5.000000e+000
1.446464301072346e-008	5.010777e+000	5.000000e+000
2.140739940740396e-008	5.004171e+000	5.000000e+000
3.181269367258523e-008	4.994254e+000	5.000000e+000
4.729213114372640e-008	4.979476e+000	5.000000e+000
7.007774676266945e-008	4.957690e+000	5.000000e+000
1.030402905298311e-007	4.926131e+000	5.000000e+000
1.496357718362308e-007	4.881481e+000	5.000000e+000
2.137500482765834e-007	4.820021e+000	5.000000e+000
2.994921927224994e-007	4.737851e+000	5.000000e+000
4.194294796092880e-007	4.623019e+000	5.000000e+000
5.822255844651659e-007	4.467426e+000	5.000000e+000
8.145712018345933e-007	4.245973e+000	5.000000e+000
1.142268185032170e-006	3.934911e+000	5.000000e+000
1.620433183549410e-006	3.484848e+000	5.000000e+000
2.336031360265979e-006	2.830417e+000	5.000000e+000
3.173736333091200e-006	2.123023e+000	5.000000e+000
4.010952345742952e-006	1.526299e+000	5.000000e+000
5.010952345742951e-006	9.818841e-001	5.000000e+000
6.010952345742951e-006	6.020535e-001	5.000000e+000
7.010952345742951e-006	3.532479e-001	5.000000e+000
7.757580477761364e-006	2.328241e-001	5.000000e+000
8.450100030260246e-006	1.599664e-001	5.000000e+000
9.222793488328223e-006	1.049559e-001	5.000000e+000
9.944987125413628e-006	7.022648e-002	5.000000e+000
1.067945934617785e-005	4.665354e-002	5.000000e+000
1.137270320956201e-005	3.166611e-002	5.000000e+000
1.208229100128968e-005	2.132425e-002	5.000000e+000
1.277244005317058e-005	1.450100e-002	5.000000e+000
1.347667583598581e-005	9.787706e-003	5.000000e+000
1.416670842613856e-005	6.653571e-003	5.000000e+000
1.486636863377025e-005	4.500595e-003	5.000000e+000
1.555630876796538e-005	3.059409e-003	5.000000e+000
1.625350057359853e-005	2.071966e-003	5.000000e+000
1.694401012038161e-005	1.408008e-003	5.000000e+000
1.763975293284689e-005	9.542390e-004	5.000000e+000
1.833079004099642e-005	6.482654e-004	5.000000e+000
1.902559396988385e-005	4.395501e-004	5.000000e+000
1.971708743053138e-005	2.985377e-004	5.000000e+000
2.041128540125437e-005	2.024825e-004	5.000000e+000
2.110314245002324e-005	1.374980e-004	5.000000e+000
2.179693400318600e-005	9.327717e-005	5.000000e+000
2.248906702346784e-005	6.333216e-005	5.000000e+000
2.318258268918377e-005	4.297019e-005	5.000000e+000
2.387492282592832e-005	2.924266e-005	5.000000e+000
2.462315889301152e-005	1.936704e-005	5.000000e+000
2.544410461090378e-005	1.238594e-005	5.000000e+000
2.644410461090378e-005	7.151306e-006	5.000000e+000
2.744410461090378e-005	4.056370e-006	5.000000e+000
2.844410461090378e-005	2.301206e-006	5.000000e+000
2.944410461090378e-005	1.305839e-006	5.000000e+000
3.144410461090378e-005	4.212368e-007	5.000000e+000
3.472981889661806e-005	2.406147e-007	5.000000e+000
3.801553318233234e-005	1.002298e-007	5.000000e+000
4.130124746804661e-005	8.210514e-011	5.000000e+000
4.458696175376089e-005	-5.982841e-008	5.000000e+000
4.787267603947517e-005	-7.950174e-008	5.000000e+000
5.115839032518945e-005	-5.893788e-008	5.000000e+000
5.444410461090372e-005	1.863156e-009	5.000000e+000
1.000000000000000e-004	1.860089e-009	5.000000e+000
1.000010000000000e-004	1.860089e-009	5.000000e+000
1.000010022000000e-004	-6.778040e-005	4.989000e+000
1.000010066000000e-004	-2.033446e-004	4.967000e+000
1.000010330000001e-004	-1.016721e-003	4.835000e+000
1.000010682000002e-004	-2.101201e-003	4.659000e+000
1.000012794000009e-004	-8.607556e-003	3.603000e+000
1.000013823428579e-004	-1.177873e-002	3.088286e+000
1.000014852857149e-004	-1.494969e-002	2.573571e+000
1.000015882285720e-004	-1.812043e-002	2.058857e+000
1.000016911714290e-004	-2.129095e-002	1.544143e+000
1.000017941142860e-004	-2.446125e-002	1.029429e+000
1.000018970571430e-004	-2.763134e-002	5.147143e-001
1.000020000000000e-004	-3.080121e-002	0.000000e+000
1.000020005454454e-004	-3.080120e-002	0.000000e+000
1.000020016363361e-004	-3.080117e-002	0.000000e+000
1.000026396515854e-004	-3.078244e-002	0.000000e+000
1.000032776668347e-004	-3.076158e-002	0.000000e+000
1.000039156820840e-004	-3.073857e-002	0.000000e+000
1.000045536973333e-004	-3.071343e-002	0.000000e+000
1.000051917125825e-004	-3.068615e-002	0.000000e+000
1.000058297278318e-004	-3.065673e-002	0.000000e+000
1.000064677430811e-004	-3.062518e-002	0.000000e+000
1.000109360316075e-004	-3.035926e-002	0.000000e+000
1.000171251311534e-004	-2.987957e-002	0.000000e+000
1.000235946715155e-004	-2.925774e-002	0.000000e+000
1.000300447521462e-004	-2.853404e-002	0.000000e+000
1.000376023849032e-004	-2.759523e-002	0.000000e+000
1.000460793116900e-004	-2.647047e-002	0.000000e+000
1.000563316743912e-004	-2.505159e-002	0.000000e+000
1.000683458534255e-004	-2.334760e-002	0.000000e+000
1.000836816193276e-004	-2.114410e-002	0.000000e+000
1.001033850453313e-004	-1.829683e-002	0.000000e+000
1.001316608171100e-004	-1.420273e-002	0.000000e+000
1.001751050030630e-004	-7.910376e-003	0.000000e+000
1.004220932539041e-004	2.784864e-002	0.000000e+000
1.006674769219819e-004	6.336907e-002	0.000000e+000
1.009213333446421e-004	1.001302e-001	0.000000e+000
1.013405586123543e-004	1.608665e-001	0.000000e+000
1.017390691700365e-004	2.185811e-001	0.000000e+000
1.023153319165580e-004	3.018933e-001	0.000000e+000
1.028915946630796e-004	3.850527e-001	0.000000e+000
1.034678574096011e-004	4.680592e-001	0.000000e+000
1.040441201561226e-004	5.509128e-001	0.000000e+000
1.046203829026441e-004	6.336135e-001	0.000000e+000
1.051966456491656e-004	7.161613e-001	0.000000e+000
1.057729083956872e-004	7.985562e-001	0.000000e+000
1.087729083956872e-004	1.224808e+000	0.000000e+000
1.100586226814015e-004	1.406135e+000	0.000000e+000
1.113443369671157e-004	1.586599e+000	0.000000e+000
1.126300512528300e-004	1.766197e+000	0.000000e+000
1.139157655385443e-004	1.944932e+000	0.000000e+000
1.152014798242586e-004	2.122801e+000	0.000000e+000
1.164871941099729e-004	2.299807e+000	0.000000e+000
1.177729083956871e-004	2.475947e+000	0.000000e+000
1.197729083956871e-004	2.746929e+000	0.000000e+000
1.217729083956871e-004	3.010927e+000	0.000000e+000
1.237729083956871e-004	3.263517e+000	0.000000e+000
1.257729083956871e-004	3.500641e+000	0.000000e+000
1.277729083956871e-004	3.719008e+000	0.000000e+000
1.297729083956871e-004	3.916356e+000	0.000000e+000
1.327729083956871e-004	4.170814e+000	0.000000e+000
1.347729083956871e-004	4.313024e+000	0.000000e+000
1.367729083956871e-004	4.434602e+000	0.000000e+000
1.377729083956871e-004	4.488188e+000	0.000000e+000
1.387729083956871e-004	4.537302e+000	0.000000e+000
1.397729083956871e-004	4.582204e+000	0.000000e+000
1.407729083956871e-004	4.623165e+000	0.000000e+000
1.417729083956871e-004	4.660451e+000	0.000000e+000
1.427729083956871e-004	4.694329e+000	0.000000e+000
1.437729083956871e-004	4.725057e+000	0.000000e+000
1.447729083956871e-004	4.752883e+000	0.000000e+000
1.457729083956871e-004	4.778046e+000	0.000000e+000
1.467729083956871e-004	4.800771e+000	0.000000e+000
1.477729083956871e-004	4.821270e+000	0.000000e+000
1.487729083956871e-004	4.839741e+000	0.000000e+000
1.497729083956870e-004	4.856369e+000	0.000000e+000
1.507729083956870e-004	4.871325e+000	0.000000e+000
1.517729083956870e-004	4.884767e+000	0.000000e+000
1.527729083956870e-004	4.896839e+000	0.000000e+000
1.537729083956870e-004	4.907674e+000	0.000000e+000
1.547729083956870e-004	4.917394e+000	0.000000e+000
1.557729083956870e-004	4.926108e+000	0.000000e+000
1.567729083956870e-004	4.933918e+000	0.000000e+000
1.577729083956870e-004	4.940913e+000	0.000000e+000
1.587729083956870e-004	4.947177e+000	0.000000e+000
1.597729083956870e-004	4.952785e+000	0.000000e+000
1.607729083956870e-004	4.957803e+000	0.000000e+000
1.617729083956870e-004	4.962292e+000	0.000000e+000
1.627729083956870e-004	4.966308e+000	0.000000e+000
1.637729083956870e-004	4.969899e+000	0.000000e+000
1.647729083956870e-004	4.973110e+000	0.000000e+000
1.657729083956870e-004	4.975980e+000	0.000000e+000
1.667729083956870e-004	4.978545e+000	0.000000e+000
1.677729083956870e-004	4.980838e+000	0.000000e+000
1.687729083956870e-004	4.982886e+000	0.000000e+000
1.697729083956870e-004	4.984717e+000	0.000000e+000
1.707729083956870e-004	4.986352e+000	0.000000e+000
1.717729083956870e-004	4.987813e+000	0.000000e+000
1.727729083956870e-004	4.989118e+000	0.000000e+000
1.737729083956870e-004	4.990283e+000	0.000000e+000
1.747729083956870e-004	4.991324e+000	0.000000e+000
1.757729083956870e-004	4.992254e+000	0.000000e+000
1.767729083956870e-004	4.993084e+000	0.000000e+000
1.777729083956870e-004	4.993825e+000	0.000000e+000
1.787729083956870e-004	4.994487e+000	0.000000e+000
1.797729083956870e-004	4.995078e+000	0.000000e+000
1.807729083956870e-004	4.995605e+000	0.000000e+000
1.817729083956870e-004	4.996077e+000	0.000000e+000
1.827729083956870e-004	4.996498e+000	0.000000e+000
1.837729083956870e-004	4.996873e+000	0.000000e+000
1.847729083956869e-004	4.997209e+000	0.000000e+000
1.857729083956869e-004	4.997508e+000	0.000000e+000
1.867729083956869e-004	4.997776e+000	0.000000e+000
1.877729083956869e-004	4.998014e+000	0.000000e+000
1.887729083956869e-004	4.998227e+000	0.000000e+000
1.897729083956869e-004	4.998417e+000	0.000000e+000
1.907729083956869e-004	4.998588e+000	0.000000e+000
1.917729083956869e-004	4.998739e+000	0.000000e+000
1.927729083956869e-004	4.998874e+000	0.000000e+000
1.937729083956869e-004	4.998995e+000	0.000000e+000
1.947729083956869e-004	4.999103e+000	0.000000e+000
1.957729083956869e-004	4.999199e+000	0.000000e+000
1.967729083956869e-004	4.999285e+000	0.000000e+000
1.977729083956869e-004	4.999362e+000	0.000000e+000
1.990000000000000e-004	4.999446e+000	0.000000e+000
1.999990000000000e-004	4.999506e+000	0.000000e+000
2.000000000000000e-004	4.999506e+000	0.000000e+000
2.000000096203296e-004	4.999742e+000	4.810165e-002
2.000000288609887e-004	5.000212e+000	1.443049e-001
2.000002982302165e-004	5.006773e+000	1.491151e+000
2.000006060807626e-004	5.014154e+000	3.030404e+000
2.000008005234125e-004	5.018726e+000	4.002617e+000
2.000008688403183e-004	5.020285e+000	4.344202e+000
2.000009263187149e-004	5.021552e+000	4.631594e+000
2.000009551949677e-004	5.022169e+000	4.775975e+000
2.000009746161778e-004	5.022563e+000	4.873081e+000
2.000010000000000e-004	5.023059e+000	5.000000e+000
2.000010003621805e-004	5.023058e+000	5.000000e+000
2.000010010865415e-004	5.023057e+000	5.000000e+000
2.000010025352634e-004	5.023056e+000	5.000000e+000
2.000010054327073e-004	5.023054e+000	5.000000e+000
2.000010112275952e-004	5.023048e+000	5.000000e+000
2.000010228173708e-004	5.023036e+000	5.000000e+000
2.000010459969221e-004	5.023015e+000	5.000000e+000
2.000010923560248e-004	5.022971e+000	5.000000e+000
2.000011636468693e-004	5.022903e+000	5.000000e+000
2.000012658987646e-004	5.022808e+000	5.000000e+000
2.000014207882548e-004	5.022662e+000	5.000000e+000
2.000016639470421e-004	5.022433e+000	5.000000e+000
2.000020383943241e-004	5.022081e+000	5.000000e+000
2.000026097065410e-004	5.021543e+000	5.000000e+000
2.000034781530657e-004	5.020723e+000	5.000000e+000
2.000048057015990e-004	5.019469e+000	5.000000e+000
2.000068242189735e-004	5.017559e+000	5.000000e+000
2.000098909294533e-004	5.014652e+000	5.000000e+000
2.000145203747034e-004	5.010255e+000	5.000000e+000
2.000214971773092e-004	5.003617e+000	5.000000e+000
2.000319386108274e-004	4.993666e+000	5.000000e+000
2.000474898042640e-004	4.978819e+000	5.000000e+000
2.000703519634840e-004	4.956959e+000	5.000000e+000
2.001034518656434e-004	4.925269e+000	5.000000e+000
2.001501866766559e-004	4.880485e+000	5.000000e+000
2.002145161338334e-004	4.818820e+000	5.000000e+000
2.003005128527826e-004	4.736406e+000	5.000000e+000
2.004209070940043e-004	4.621139e+000	5.000000e+000
2.005841817746447e-004	4.465094e+000	5.000000e+000
2.008174252005398e-004	4.242793e+000	5.000000e+000
2.011462562401024e-004	3.930673e+000	5.000000e+000
2.016264968150726e-004	3.478740e+000	5.000000e+000
2.023449809945409e-004	2.821986e+000	5.000000e+000
2.031802734366171e-004	2.117510e+000	5.000000e+000
2.040202894296392e-004	1.520101e+000	5.000000e+000
2.050202894296392e-004	9.773617e-001	5.000000e+000
2.060202894296392e-004	5.990673e-001	5.000000e+000
2.070202894296391e-004	3.514118e-001	5.000000e+000
2.077670569302885e-004	2.315671e-001	5.000000e+000
2.084595464492324e-004	1.590882e-001	5.000000e+000
2.092314008597054e-004	1.044219e-001	5.000000e+000
2.099535072287977e-004	6.987359e-002	5.000000e+000
2.106876920095354e-004	4.642614e-002	5.000000e+000
2.113810377247368e-004	3.151003e-002	5.000000e+000
2.120904758974636e-004	2.122065e-002	5.000000e+000
2.127806909897845e-004	1.443002e-002	5.000000e+000
2.134848198755022e-004	9.740323e-003	5.000000e+000
2.141749065284446e-004	6.621175e-003	5.000000e+000
2.148744996159590e-004	4.478834e-003	5.000000e+000
2.155644826221706e-004	3.044548e-003	5.000000e+000
2.162616288513727e-004	2.061949e-003	5.000000e+000
2.169521700592714e-004	1.401178e-003	5.000000e+000
2.176478815281982e-004	9.496252e-004	5.000000e+000
2.183389419610323e-004	6.451232e-004	5.000000e+000
2.190337241416607e-004	4.374244e-004	5.000000e+000
2.197252345344246e-004	2.970914e-004	5.000000e+000
2.204194172571991e-004	2.015031e-004	5.000000e+000
2.211112865155239e-004	1.368321e-004	5.000000e+000
2.218050673351453e-004	9.282594e-005	5.000000e+000
2.224972091305302e-004	6.302551e-005	5.000000e+000
2.231907172241809e-004	4.276230e-005	5.000000e+000
2.238830636649621e-004	2.910554e-005	5.000000e+000
2.246348430051263e-004	1.924325e-005	5.000000e+000
2.254604011354998e-004	1.227312e-005	5.000000e+000
2.264604011354998e-004	7.083099e-006	5.000000e+000
2.274604011354998e-004	4.017689e-006	5.000000e+000
2.284604011354998e-004	2.279270e-006	5.000000e+000
2.294604011354998e-004	1.293399e-006	5.000000e+000
2.314604011354998e-004	4.172358e-007	5.000000e+000
2.348889725640713e-004	2.377699e-007	5.000000e+000
2.383175439926427e-004	9.834620e-008	5.000000e+000
2.417461154212142e-004	-1.035142e-009	5.000000e+000
2.451746868497857e-004	-6.037416e-008	5.000000e+000
2.486032582783571e-004	-7.967086e-008	5.000000e+000
2.520318297069286e-004	-5.892524e-008	5.000000e+000
2.554604011355000e-004	1.862698e-009	5.000000e+000
3.000000000000000e-004	1.859880e-009	5.000000e+000
3.000010000000000e-004	1.859254e-009	5.000000e+000
3.000010022000001e-004	-6.778040e-005	4.989000e+000
3.000010066000001e-004	-2.033446e-004	4.967000e+000
3.000010330000001e-004	-1.016721e-003	4.835000e+000
3.000010682000003e-004	-2.101201e-003	4.659000e+000
3.000012794000010e-004	-8.607556e-003	3.603000e+000
3.000013823428579e-004	-1.177873e-002	3.088286e+000
3.000014852857150e-004	-1.494969e-002	2.573571e+000
3.000015882285720e-004	-1.812043e-002	2.058857e+000
3.000016911714290e-004	-2.129095e-002	1.544143e+000
3.000017941142860e-004	-2.446125e-002	1.029429e+000
3.000018970571430e-004	-2.763134e-002	5.147143e-001
3.000020000000000e-004	-3.080121e-002	5.679901e-011
3.000020005454449e-004	-3.080120e-002	0.000000e+000
3.000020016363346e-004	-3.080117e-002	0.000000e+000
3.000026396509991e-004	-3.078244e-002	0.000000e+000
3.000032776656635e-004	-3.076158e-002	0.000000e+000
3.000039156803280e-004	-3.073857e-002	0.000000e+000
3.000045536949925e-004	-3.071343e-002	0.000000e+000
3.000051917096569e-004	-3.068615e-002	0.000000e+000
3.000058297243214e-004	-3.065673e-002	0.000000e+000
3.000064677389859e-004	-3.062518e-002	0.000000e+000
3.000109360234166e-004	-3.035926e-002	0.000000e+000
3.000171251279959e-004	-2.987957e-002	0.000000e+000
3.000235946749332e-004	-2.925774e-002	0.000000e+000
3.000300447521455e-004	-2.853404e-002	0.000000e+000
3.000376023859025e-004	-2.759523e-002	0.000000e+000
3.000460793082600e-004	-2.647047e-002	0.000000e+000
3.000563316719639e-004	-2.505159e-002	0.000000e+000
3.000683458452881e-004	-2.334760e-002	0.000000e+000
3.000836816104511e-004	-2.114410e-002	0.000000e+000
3.001033850254638e-004	-1.829684e-002	0.000000e+000
3.001316607903712e-004	-1.420274e-002	0.000000e+000
3.001751049425874e-004	-7.910387e-003	0.000000e+000
3.004220930341005e-004	2.784861e-002	0.000000e+000
3.006674772949332e-004	6.336913e-002	0.000000e+000
3.009213822238218e-004	1.001373e-001	0.000000e+000
3.013406387345716e-004	1.608781e-001	0.000000e+000
3.017391902906070e-004	2.185986e-001	0.000000e+000
3.023154747885068e-004	3.019140e-001	0.000000e+000
3.028917592864066e-004	3.850764e-001	0.000000e+000
3.034680437843063e-004	4.680860e-001	0.000000e+000
3.040443282822060e-004	5.509426e-001	0.000000e+000
3.046206127801058e-004	6.336464e-001	0.000000e+000
3.051968972780055e-004	7.161973e-001	0.000000e+000
3.057731817759053e-004	7.985952e-001	0.000000e+000
3.087731817759053e-004	1.224846e+000	0.000000e+000
3.100588960616196e-004	1.406174e+000	0.000000e+000
3.113446103473340e-004	1.586637e+000	0.000000e+000
3.126303246330483e-004	1.766236e+000	0.000000e+000
3.139160389187626e-004	1.944970e+000	0.000000e+000
3.152017532044769e-004	2.122839e+000	0.000000e+000
3.164874674901913e-004	2.299844e+000	0.000000e+000
3.177731817759056e-004	2.475985e+000	0.000000e+000
3.197731817759056e-004	2.746966e+000	0.000000e+000
3.217731817759057e-004	3.010963e+000	0.000000e+000
3.237731817759057e-004	3.263551e+000	0.000000e+000
3.257731817759058e-004	3.500672e+000	0.000000e+000
3.277731817759058e-004	3.719036e+000	0.000000e+000
3.297731817759059e-004	3.916382e+000	0.000000e+000
3.327731817759059e-004	4.170835e+000	0.000000e+000
3.347731817759060e-004	4.313041e+000	0.000000e+000
3.367731817759060e-004	4.434618e+000	0.000000e+000
3.377731817759061e-004	4.488202e+000	0.000000e+000
3.387731817759061e-004	4.537314e+000	0.000000e+000
3.397731817759061e-004	4.582216e+000	0.000000e+000
3.407731817759061e-004	4.623176e+000	0.000000e+000
3.417731817759061e-004	4.660461e+000	0.000000e+000
3.427731817759062e-004	4.694338e+000	0.000000e+000
3.437731817759062e-004	4.725065e+000	0.000000e+000
3.447731817759062e-004	4.752891e+000	0.000000e+000
3.457731817759062e-004	4.778052e+000	0.000000e+000
3.467731817759063e-004	4.800777e+000	0.000000e+000
3.477731817759063e-004	4.821275e+000	0.000000e+000
3.487731817759063e-004	4.839746e+000	0.000000e+000
3.497731817759063e-004	4.856373e+000	0.000000e+000
3.507731817759064e-004	4.871329e+000	0.000000e+000
3.517731817759064e-004	4.884770e+000	0.000000e+000
3.527731817759064e-004	4.896842e+000	0.000000e+000
3.537731817759064e-004	4.907677e+000	0.000000e+000
3.547731817759065e-004	4.917396e+000	0.000000e+000
3.557731817759065e-004	4.926110e+000	0.000000e+000
3.567731817759065e-004	4.933919e+000	0.000000e+000
3.577731817759065e-004	4.940915e+000	0.000000e+000
3.587731817759066e-004	4.947179e+000	0.000000e+000
3.597731817759066e-004	4.952786e+000	0.000000e+000
3.607731817759066e-004	4.957804e+000	0.000000e+000
3.617731817759066e-004	4.962294e+000	0.000000e+000
3.627731817759067e-004	4.966309e+000	0.000000e+000
3.637731817759067e-004	4.969900e+000	0.000000e+000
3.647731817759067e-004	4.973111e+000	0.000000e+000
3.657731817759067e-004	4.975981e+000	0.000000e+000
3.667731817759068e-004	4.978546e+000	0.000000e+000
3.677731817759068e-004	4.980838e+000	0.000000e+000
3.687731817759068e-004	4.982887e+000	0.000000e+000
3.697731817759068e-004	4.984717e+000	0.000000e+000
3.707731817759069e-004	4.986352e+000	0.000000e+000
3.717731817759069e-004	4.987813e+000	0.000000e+000
3.727731817759069e-004	4.989118e+000	0.000000e+000
3.737731817759069e-004	4.990283e+000	0.000000e+000
3.747731817759070e-004	4.991324e+000	0.000000e+000
3.757731817759070e-004	4.992254e+000	0.000000e+000
3.767731817759070e-004	4.993084e+000	0.000000e+000
3.777731817759070e-004	4.993825e+000	0.000000e+000
3.787731817759070e-004	4.994487e+000	0.000000e+000
3.797731817759071e-004	4.995078e+000	0.000000e+000
3.807731817759071e-004	4.995606e+000	0.000000e+000
3.817731817759071e-004	4.996078e+000	0.000000e+000
3.827731817759071e-004	4.996498e+000	0.000000e+000
3.837731817759072e-004	4.996873e+000	0.000000e+000
3.847731817759072e-004	4.997209e+000	0.000000e+000
3.857731817759072e-004	4.997508e+000	0.000000e+000
3.867731817759072e-004	4.997776e+000	0.000000e+000
3.877731817759073e-004	4.998014e+000	0.000000e+000
3.887731817759073e-004	4.998227e+000	0.000000e+000
3.897731817759073e-004	4.998417e+000	0.000000e+000
3.907731817759073e-004	4.998588e+000	0.000000e+000
3.917731817759074e-004	4.998739e+000	0.000000e+000
3.927731817759074e-004	4.998874e+000	0.000000e+000
3.937731817759074e-004	4.998995e+000	0.000000e+000
3.947731817759074e-004	4.999103e+000	0.000000e+000
3.957731817759075e-004	4.999199e+000	0.000000e+000
3.967731817759075e-004	4.999285e+000	0.000000e+000
3.977731817759075e-004	4.999362e+000	0.000000e+000
3.990000000000000e-004	4.999446e+000	0.000000e+000
3.999990000000000e-004	4.999506e+000	0.000000e+000
4.000000000000000e-004	4.999506e+000	0.000000e+000
4.000000096203296e-004	4.999742e+000	4.810165e-002
4.000000288609887e-004	5.000212e+000	1.443049e-001
4.000002982302166e-004	5.006773e+000	1.491151e+000
4.000006060807627e-004	5.014154e+000	3.030404e+000
4.000008005234128e-004	5.018726e+000	4.002617e+000
4.000008688403188e-004	5.020285e+000	4.344202e+000
4.000009263187152e-004	5.021552e+000	4.631594e+000
4.000009551949668e-004	5.022169e+000	4.775975e+000
4.000009746161716e-004	5.022563e+000	4.873081e+000
4.000010000000000e-004	5.023059e+000	5.000000e+000
4.000010003621805e-004	5.023058e+000	5.000000e+000
4.000010010865415e-004	5.023057e+000	5.000000e+000
4.000010025352635e-004	5.023056e+000	5.000000e+000
4.000010054327074e-004	5.023054e+000	5.000000e+000
4.000010112275952e-004	5.023048e+000	5.000000e+000
4.000010228173709e-004	5.023036e+000	5.000000e+000
4.000010459969222e-004	5.023015e+000	5.000000e+000
4.000010923560248e-004	5.022971e+000	5.000000e+000
4.000011636468694e-004	5.022903e+000	5.000000e+000
4.000012658987647e-004	5.022808e+000	5.000000e+000
4.000014207882551e-004	5.022662e+000	5.000000e+000
4.000016639470425e-004	5.022433e+000	5.000000e+000
4.000020383943247e-004	5.022081e+000	5.000000e+000
4.000026097065420e-004	5.021543e+000	5.000000e+000
4.000034781530673e-004	5.020723e+000	5.000000e+000
4.000048057016014e-004	5.019469e+000	5.000000e+000
4.000068242189772e-004	5.017559e+000	5.000000e+000
4.000098909294587e-004	5.014652e+000	5.000000e+000
4.000145203747119e-004	5.010255e+000	5.000000e+000
4.000214971773215e-004	5.003617e+000	5.000000e+000
4.000319386108464e-004	4.993666e+000	5.000000e+000
4.000474898042916e-004	4.978819e+000	5.000000e+000
4.000703519635251e-004	4.956959e+000	5.000000e+000
4.001034518657012e-004	4.925269e+000	5.000000e+000
4.001501866767380e-004	4.880485e+000	5.000000e+000
4.002145161339377e-004	4.818820e+000	5.000000e+000
4.003005128529368e-004	4.736406e+000	5.000000e+000
4.004209070942226e-004	4.621139e+000	5.000000e+000
4.005841817749364e-004	4.465094e+000	5.000000e+000
4.008174252009471e-004	4.242793e+000	5.000000e+000
4.011462562406869e-004	3.930673e+000	5.000000e+000
4.016264968159412e-004	3.478740e+000	5.000000e+000
4.023449809958506e-004	2.821986e+000	5.000000e+000
4.031802437666726e-004	2.117532e+000	5.000000e+000
4.040202688669082e-004	1.520115e+000	5.000000e+000
4.050202688669083e-004	9.773710e-001	5.000000e+000
4.060202688669083e-004	5.990735e-001	5.000000e+000
4.070202688669083e-004	3.514155e-001	5.000000e+000
4.077670360866264e-004	2.315697e-001	5.000000e+000
4.084595256693445e-004	1.590900e-001	5.000000e+000
4.092313818017867e-004	1.044230e-001	5.000000e+000
4.099534883487914e-004	6.987432e-002	5.000000e+000
4.106876737201440e-004	4.642661e-002	5.000000e+000
4.113810192261882e-004	3.151035e-002	5.000000e+000
4.120904577066753e-004	2.122086e-002	5.000000e+000
4.127806726631945e-004	1.443017e-002	5.000000e+000
4.134848017686451e-004	9.740421e-003	5.000000e+000
4.141748883103994e-004	6.621241e-003	5.000000e+000
4.148744815359199e-004	4.478878e-003	5.000000e+000
4.155644644539784e-004	3.044578e-003	5.000000e+000
4.162616107768912e-004	2.061970e-003	5.000000e+000
4.169521519196846e-004	1.401192e-003	5.000000e+000
4.176478634530575e-004	9.496347e-004	5.000000e+000
4.183389238379299e-004	6.451297e-004	5.000000e+000
4.190337060632761e-004	4.374288e-004	5.000000e+000
4.197252164212237e-004	2.970943e-004	5.000000e+000
4.204193991753505e-004	2.015051e-004	5.000000e+000
4.211112684085702e-004	1.368335e-004	5.000000e+000
4.218050492502610e-004	9.282686e-005	5.000000e+000
4.224971910275991e-004	6.302614e-005	5.000000e+000
4.231906991368268e-004	4.276273e-005	5.000000e+000
4.238830455646388e-004	2.910993e-005	5.000000e+000
4.246381008073717e-004	1.921574e-005	5.000000e+000
4.254679156500955e-004	1.222461e-005	5.000000e+000
4.264679156500955e-004	7.052269e-006	5.000000e+000
4.274679156500955e-004	4.000205e-006	5.000000e+000
4.284679156500955e-004	2.269355e-006	5.000000e+000
4.294679156500956e-004	1.287775e-006	5.000000e+000
4.314679156500956e-004	4.154274e-007	5.000000e+000
4.348964870786671e-004	2.367428e-007	5.000000e+000
4.383250585072387e-004	9.792614e-008	5.000000e+000
4.417536299358101e-004	-1.022525e-009	5.000000e+000
4.451822013643817e-004	-6.010320e-008	5.000000e+000
4.486107727929532e-004	-7.931589e-008	5.000000e+000
4.520393442215247e-004	-5.866059e-008	5.000000e+000
4.554679156500962e-004	1.862696e-009	5.000000e+000
5.000000000000000e-004	1.860089e-009	5.000000e+000
5.000010000000000e-004	1.860089e-009	5.000000e+000
5.000010022000001e-004	-6.778040e-005	4.989000e+000
5.000010066000001e-004	-2.033446e-004	4.967000e+000
5.000010330000001e-004	-1.016721e-003	4.835000e+000
5.000010682000003e-004	-2.101201e-003	4.659000e+000
5.000012794000010e-004	-8.607556e-003	3.603000e+000
5.000013823428580e-004	-1.177873e-002	3.088286e+000
5.000014852857150e-004	-1.494969e-002	2.573571e+000
5.000015882285720e-004	-1.812043e-002	2.058857e+000
5.000016911714290e-004	-2.129095e-002	1.544143e+000
5.000017941142861e-004	-2.446125e-002	1.029429e+000
5.000018970571430e-004	-2.763134e-002	5.147143e-001
5.000020000000000e-004	-3.080121e-002	0.000000e+000
5.000020005454449e-004	-3.080120e-002	0.000000e+000
5.000020016363347e-004	-3.080117e-002	0.000000e+000
5.000026396510038e-004	-3.078244e-002	0.000000e+000
5.000032776656730e-004	-3.076158e-002	0.000000e+000
5.000039156803421e-004	-3.073857e-002	0.000000e+000
5.000045536950111e-004	-3.071343e-002	0.000000e+000
5.000051917096802e-004	-3.068615e-002	0.000000e+000
5.000058297243494e-004	-3.065673e-002	0.000000e+000
5.000064677390185e-004	-3.062518e-002	0.000000e+000
5.000109360234820e-004	-3.035926e-002	0.000000e+000
5.000171251249298e-004	-2.987957e-002	0.000000e+000
5.000235946691207e-004	-2.925774e-002	0.000000e+000
5.000300447459908e-004	-2.853404e-002	0.000000e+000
5.000376023786475e-004	-2.759523e-002	0.000000e+000
5.000460793004656e-004	-2.647047e-002	0.000000e+000
5.000563316620663e-004	-2.505159e-002	0.000000e+000
5.000683458336755e-004	-2.334760e-002	0.000000e+000
5.000836815948460e-004	-2.114411e-002	0.000000e+000
5.001033850052218e-004	-1.829684e-002	0.000000e+000
5.001316607592951e-004	-1.420274e-002	0.000000e+000
5.001751048926321e-004	-7.910393e-003	0.000000e+000
5.004220928074811e-004	2.784857e-002	0.000000e+000
5.006674776030537e-004	6.336917e-002	0.000000e+000
5.009213337096091e-004	1.001302e-001	0.000000e+000
5.013405594465372e-004	1.608666e-001	0.000000e+000
5.017390703515542e-004	2.185813e-001	0.000000e+000
5.023153332905634e-004	3.018935e-001	0.000000e+000
5.028915962295727e-004	3.850529e-001	0.000000e+000
5.034678591685818e-004	4.680594e-001	0.000000e+000
5.040441221075911e-004	5.509130e-001	0.000000e+000
5.046203850466003e-004	6.336138e-001	0.000000e+000
5.051966479856096e-004	7.161616e-001	0.000000e+000
5.057729109246188e-004	7.985566e-001	0.000000e+000
5.087729109246188e-004	1.224808e+000	0.000000e+000
5.100586252103331e-004	1.406136e+000	0.000000e+000
5.113443394960474e-004	1.586599e+000	0.000000e+000
5.126300537817617e-004	1.766198e+000	0.000000e+000
5.139157680674761e-004	1.944932e+000	0.000000e+000
5.152014823531905e-004	2.122802e+000	0.000000e+000
5.164871966389048e-004	2.299807e+000	0.000000e+000
5.177729109246191e-004	2.475948e+000	0.000000e+000
5.197729109246191e-004	2.746930e+000	0.000000e+000
5.217729109246192e-004	3.010928e+000	0.000000e+000
5.237729109246192e-004	3.263517e+000	0.000000e+000
5.257729109246192e-004	3.500642e+000	0.000000e+000
5.267729109246193e-004	3.612337e+000	0.000000e+000
5.287729109246193e-004	3.820406e+000	0.000000e+000
5.317729109246194e-004	4.091564e+000	0.000000e+000
5.347729109246195e-004	4.313024e+000	0.000000e+000
5.367729109246195e-004	4.434602e+000	0.000000e+000
5.377729109246195e-004	4.488189e+000	0.000000e+000
5.387729109246196e-004	4.537302e+000	0.000000e+000
5.397729109246196e-004	4.582204e+000	0.000000e+000
5.407729109246196e-004	4.623165e+000	0.000000e+000
5.417729109246196e-004	4.660451e+000	0.000000e+000
5.427729109246197e-004	4.694329e+000	0.000000e+000
5.437729109246197e-004	4.725057e+000	0.000000e+000
5.447729109246197e-004	4.752883e+000	0.000000e+000
5.457729109246197e-004	4.778046e+000	0.000000e+000
5.467729109246198e-004	4.800771e+000	0.000000e+000
5.477729109246198e-004	4.821270e+000	0.000000e+000
5.487729109246198e-004	4.839741e+000	0.000000e+000
5.497729109246198e-004	4.856369e+000	0.000000e+000
5.507729109246199e-004	4.871325e+000	0.000000e+000
5.517729109246199e-004	4.884767e+000	0.000000e+000
5.527729109246199e-004	4.896839e+000	0.000000e+000
5.537729109246199e-004	4.907674e+000	0.000000e+000
5.547729109246200e-004	4.917394e+000	0.000000e+000
5.557729109246200e-004	4.926108e+000	0.000000e+000
5.567729109246200e-004	4.933918e+000	0.000000e+000
5.577729109246200e-004	4.940913e+000	0.000000e+000
5.587729109246201e-004	4.947177e+000	0.000000e+000
5.597729109246201e-004	4.952785e+000	0.000000e+000
5.607729109246201e-004	4.957803e+000	0.000000e+000
5.617729109246201e-004	4.962292e+000	0.000000e+000
5.627729109246201e-004	4.966308e+000	0.000000e+000
5.637729109246202e-004	4.969899e+000	0.000000e+000
5.647729109246202e-004	4.973110e+000	0.000000e+000
5.657729109246202e-004	4.975980e+000	0.000000e+000
5.667729109246202e-004	4.978545e+000	0.000000e+000
5.677729109246203e-004	4.980838e+000	0.000000e+000
5.687729109246203e-004	4.982886e+000	0.000000e+000
5.697729109246203e-004	4.984717e+000	0.000000e+000
5.707729109246203e-004	4.986352e+000	0.000000e+000
5.717729109246204e-004	4.987813e+000	0.000000e+000
5.727729109246204e-004	4.989118e+000	0.000000e+000
5.737729109246204e-004	4.990283e+000	0.000000e+000
5.747729109246204e-004	4.991324e+000	0.000000e+000
5.757729109246205e-004	4.992254e+000	0.000000e+000
5.767729109246205e-004	4.993084e+000	0.000000e+000
5.777729109246205e-004	4.993825e+000	0.000000e+000
5.787729109246205e-004	4.994487e+000	0.000000e+000
5.797729109246206e-004	4.995078e+000	0.000000e+000
5.807729109246206e-004	4.995605e+000	0.000000e+000
5.817729109246206e-004	4.996077e+000	0.000000e+000
5.827729109246206e-004	4.996498e+000	0.000000e+000
5.837729109246207e-004	4.996873e+000	0.000000e+000
5.847729109246207e-004	4.997209e+000	0.000000e+000
5.857729109246207e-004	4.997508e+000	0.000000e+000
5.867729109246207e-004	4.997776e+000	0.000000e+000
5.877729109246208e-004	4.998014e+000	0.000000e+000
5.887729109246208e-004	4.998227e+000	0.000000e+000
5.897729109246208e-004	4.998417e+000	0.000000e+000
5.907729109246208e-004	4.998588e+000	0.000000e+000
5.917729109246209e-004	4.998739e+000	0.000000e+000
5.927729109246209e-004	4.998874e+000	0.000000e+000
5.937729109246209e-004	4.998995e+000	0.000000e+000
5.947729109246209e-004	4.999103e+000	0.000000e+000
5.957729109246210e-004	4.999199e+000	0.000000e+000
5.967729109246210e-004	4.999285e+000	0.000000e+000
5.977729109246210e-004	4.999362e+000	0.000000e+000
5.989999999999999e-004	4.999446e+000	0.000000e+000
5.999993490513513e-004	4.999506e+000	0.000000e+000
6.000000000000000e-004	4.999506e+000	0.000000e+000
