time	V(out)	V(vin)
0.000000000000000e+000	5.000000e+000	0.000000e+000
9.999999960041972e-012	5.000062e+000	5.000000e-002
1.999999992008394e-011	5.000123e+000	1.000000e-001
9.344877336220666e-011	5.000574e+000	4.672439e-001
1.668975468043294e-010	5.001026e+000	8.344878e-001
2.403463202464521e-010	5.001477e+000	1.201732e+000
3.137950936885748e-010	5.001928e+000	1.568975e+000
3.872438671306975e-010	5.002380e+000	1.936219e+000
4.606926405728202e-010	5.002831e+000	2.303463e+000
5.341414140149427e-010	5.003283e+000	2.670707e+000
1.000000000000000e-009	5.006145e+000	5.000000e+000
1.000506859713870e-009	5.006145e+000	5.000000e+000
1.001520579141609e-009	5.006145e+000	5.000000e+000
2.187572309596638e-009	5.006145e+000	5.000000e+000
3.373624040051667e-009	5.006145e+000	5.000000e+000
4.559675770506697e-009	5.006145e+000	5.000000e+000
5.745727500961726e-009	5.006145e+000	5.000000e+000
6.931779231416754e-009	5.006145e+000	5.000000e+000
8.117830961871784e-009	5.006145e+000	5.000000e+000
9.303882692326810e-009	5.006145e+000	5.000000e+000
1.760827224436749e-008	5.006145e+000	5.000000e+000
2.996633686994963e-008	5.006085e+000	5.000000e+000
4.736821690830252e-008	5.005601e+000	5.000000e+000
6.718050666269602e-008	5.004273e+000	5.000000e+000
7.930037860249755e-008	5.003021e+000	5.000000e+000
8.988187574472163e-008	5.001740e+000	5.000000e+000
1.032345922677712e-007	5.000078e+000	5.000000e+000
1.276891108668538e-007	4.997010e+000	5.000000e+000
1.650924470082733e-007	4.992309e+000	5.000000e+000
2.365753515099116e-007	4.983320e+000	5.000000e+000
3.795411605131882e-007	4.965338e+000	5.000000e+000
6.654727785197414e-007	4.929343e+000	5.000000e+000
1.237336014532848e-006	4.857254e+000	5.000000e+000
1.801022717472832e-006	4.786116e+000	5.000000e+000
3.090881955496428e-006	4.623278e+000	5.000000e+000
5.090881955496427e-006	4.370879e+000	5.000000e+000
7.090881955496427e-006	4.118639e+000	5.000000e+000
1.009088195549643e-005	3.740664e+000	5.000000e+000
1.309088195549643e-005	3.363219e+000	5.000000e+000
1.423373909835357e-005	3.219578e+000	5.000000e+000
1.537659624121072e-005	3.076027e+000	5.000000e+000
1.651945338406786e-005	2.932568e+000	5.000000e+000
1.766231052692500e-005	2.789200e+000	5.000000e+000
1.880516766978215e-005	2.645923e+000	5.000000e+000
1.994802481263929e-005	2.502737e+000	5.000000e+000
2.109088195549643e-005	2.359642e+000	5.000000e+000
2.209088195549644e-005	2.234523e+000	5.000000e+000
2.309088195549644e-005	2.109567e+000	5.000000e+000
2.409088195549644e-005	1.985035e+000	5.000000e+000
2.609088195549644e-005	1.739177e+000	5.000000e+000
2.709088195549644e-005	1.618992e+000	5.000000e+000
2.809088195549644e-005	1.501428e+000	5.000000e+000
2.909088195549644e-005	1.387075e+000	5.000000e+000
3.009088195549644e-005	1.276500e+000	5.000000e+000
3.109088195549644e-005	1.170230e+000	5.000000e+000
3.209088195549643e-005	1.068734e+000	5.000000e+000
3.309088195549643e-005	9.724078e-001	5.000000e+000
3.409088195549643e-005	8.815643e-001	5.000000e+000
3.509088195549643e-005	7.964242e-001	5.000000e+000
3.609088195549642e-005	7.171138e-001	5.000000e+000
3.709088195549642e-005	6.436676e-001	5.000000e+000
3.809088195549642e-005	5.760334e-001	5.000000e+000
3.909088195549641e-005	5.140822e-001	5.000000e+000
4.009088195549641e-005	4.576197e-001	5.000000e+000
4.109088195549641e-005	4.063988e-001	5.000000e+000
4.209088195549641e-005	3.601326e-001	5.000000e+000
4.309088195549640e-005	3.185069e-001	5.000000e+000
4.409088195549640e-005	2.811912e-001	5.000000e+000
4.509088195549640e-005	2.478489e-001	5.000000e+000
4.609088195549640e-005	2.181450e-001	5.000000e+000
4.709088195549639e-005	1.917531e-001	5.000000e+000
4.809088195549639e-005	1.683600e-001	5.000000e+000
4.909088195549639e-005	1.476691e-001	5.000000e+000
5.009088195549638e-005	1.294032e-001	5.000000e+000
5.109088195549638e-005	1.133053e-001	5.000000e+000
5.209088195549638e-005	9.913934e-002	5.000000e+000
5.309088195549638e-005	8.668996e-002	5.000000e+000
5.409088195549637e-005	7.576197e-002	5.000000e+000
5.509088195549637e-005	6.617931e-002	5.000000e+000
5.609088195549637e-005	5.778401e-002	5.000000e+000
5.709088195549636e-005	5.043478e-002	5.000000e+000
5.809088195549636e-005	4.400580e-002	5.000000e+000
5.909088195549636e-005	3.838527e-002	5.000000e+000
6.009088195549636e-005	3.347418e-002	5.000000e+000
6.109088195549636e-005	2.918499e-002	5.000000e+000
6.209088195549636e-005	2.544049e-002	5.000000e+000
6.309088195549635e-005	2.217269e-002	5.000000e+000
6.409088195549635e-005	1.932180e-002	5.000000e+000
6.509088195549635e-005	1.683531e-002	5.000000e+000
6.609088195549635e-005	1.466716e-002	5.000000e+000
6.709088195549634e-005	1.277699e-002	5.000000e+000
6.809088195549634e-005	1.112946e-002	5.000000e+000
6.909088195549634e-005	9.693651e-003	5.000000e+000
7.009088195549633e-005	8.442530e-003	5.000000e+000
7.109088195549633e-005	7.352474e-003	5.000000e+000
7.209088195549633e-005	6.402845e-003	5.000000e+000
7.309088195549633e-005	5.575629e-003	5.000000e+000
7.409088195549632e-005	4.855106e-003	5.000000e+000
7.509088195549632e-005	4.227556e-003	5.000000e+000
7.609088195549632e-005	3.681016e-003	5.000000e+000
7.709088195549632e-005	3.205055e-003	5.000000e+000
7.809088195549631e-005	2.790577e-003	5.000000e+000
7.909088195549631e-005	2.429653e-003	5.000000e+000
8.009088195549631e-005	2.115377e-003	5.000000e+000
8.109088195549630e-005	1.841726e-003	5.000000e+000
8.209088195549630e-005	1.603455e-003	5.000000e+000
8.309088195549630e-005	1.395996e-003	5.000000e+000
8.409088195549630e-005	1.215368e-003	5.000000e+000
8.509088195549629e-005	1.058102e-003	5.000000e+000
8.609088195549629e-005	9.211801e-004	5.000000e+000
8.709088195549629e-005	8.019716e-004	5.000000e+000
8.809088195549628e-005	6.981862e-004	5.000000e+000
8.909088195549628e-005	6.078293e-004	5.000000e+000
9.009088195549628e-005	5.291642e-004	5.000000e+000
9.109088195549628e-005	4.606784e-004	5.000000e+000
9.209088195549627e-005	4.010553e-004	5.000000e+000
9.309088195549627e-005	3.491482e-004	5.000000e+000
9.409088195549627e-005	3.039588e-004	5.000000e+000
9.509088195549626e-005	2.646178e-004	5.000000e+000
9.609088195549626e-005	2.303685e-004	5.000000e+000
9.709088195549626e-005	2.005520e-004	5.000000e+000
9.809088195549626e-005	1.745946e-004	5.000000e+000
9.836361310471108e-005	1.678885e-004	5.000000e+000
9.863634425392590e-005	1.614554e-004	5.000000e+000
9.890907540314072e-005	1.552954e-004	5.000000e+000
9.918180655235554e-005	1.494084e-004	5.000000e+000
9.945453770157036e-005	1.437946e-004	5.000000e+000
9.972726885078518e-005	1.384539e-004	5.000000e+000
1.000000000000000e-004	1.333863e-004	5.000000e+000
1.000010000000000e-004	1.333678e-004	5.000000e+000
1.000010022000245e-004	1.297113e-004	4.989000e+000
1.000010066000735e-004	1.223894e-004	4.967000e+000
1.000010455719359e-004	5.784362e-005	4.772140e+000
1.000010845437984e-004	-5.820676e-006	4.577281e+000
1.000011235156608e-004	-6.860353e-005	4.382421e+000
1.000011624875233e-004	-1.305050e-004	4.187562e+000
1.000012014593857e-004	-1.915249e-004	3.992703e+000
1.000012404312481e-004	-2.516635e-004	3.797844e+000
1.000012794031106e-004	-3.109206e-004	3.602984e+000
1.000014441874014e-004	-5.436976e-004	2.779063e+000
1.000015077329032e-004	-6.062559e-004	2.461335e+000
1.000015934767700e-004	-6.488164e-004	2.032616e+000
1.000016528710706e-004	-6.659828e-004	1.735645e+000
1.000017211563875e-004	-6.795353e-004	1.394218e+000
1.000018289824932e-004	-6.941201e-004	8.550875e-001
1.000018527955342e-004	-6.956888e-004	7.360224e-001
1.000019004216161e-004	-6.962966e-004	4.978919e-001
1.000019047478362e-004	-6.962318e-004	4.762608e-001
1.000019307051572e-004	-6.947856e-004	3.464742e-001
1.000019653149186e-004	-6.914476e-004	1.734254e-001
1.000020000000000e-004	-6.870757e-004	0.000000e+000
1.000020034685082e-004	-6.829317e-004	0.000000e+000
1.000020104055244e-004	-6.757498e-004	0.000000e+000
1.000020242795570e-004	-6.646375e-004	0.000000e+000
1.000020520276222e-004	-6.477734e-004	0.000000e+000
1.000020805222690e-004	-6.340914e-004	0.000000e+000
1.000021325958184e-004	-6.132878e-004	0.000000e+000
1.000021994155483e-004	-5.895464e-004	0.000000e+000
1.000023226861977e-004	-5.492059e-004	0.000000e+000
1.000024774674140e-004	-5.007377e-004	0.000000e+000
1.000027449232849e-004	-4.185047e-004	0.000000e+000
1.000030924108085e-004	-3.110122e-004	0.000000e+000
1.000036777722758e-004	-1.256379e-004	0.000000e+000
1.000044514243930e-004	1.294893e-004	0.000000e+000
1.000057161693926e-004	5.700435e-004	0.000000e+000
1.000074360153621e-004	1.211443e-003	0.000000e+000
1.000101521893162e-004	2.304177e-003	0.000000e+000
1.000134711972961e-004	3.742902e-003	0.000000e+000
1.000174296040751e-004	5.575702e-003	0.000000e+000
1.000212220731678e-004	7.424045e-003	0.000000e+000
1.000246642966174e-004	9.168757e-003	0.000000e+000
1.000284809918624e-004	1.116119e-002	0.000000e+000
1.000326454888045e-004	1.338997e-002	0.000000e+000
1.000388368221657e-004	1.677823e-002	0.000000e+000
1.000461743873566e-004	2.087377e-002	0.000000e+000
1.000558707076383e-004	2.637572e-002	0.000000e+000
1.000654163160691e-004	3.185870e-002	0.000000e+000
1.000760397476236e-004	3.801338e-002	0.000000e+000
1.000865370838634e-004	4.412760e-002	0.000000e+000
1.000981355640396e-004	5.090626e-002	0.000000e+000
1.001087341146368e-004	5.711416e-002	0.000000e+000
1.001196951956818e-004	6.354392e-002	0.000000e+000
1.001331984868967e-004	7.147207e-002	0.000000e+000
1.001503609594481e-004	8.155347e-002	0.000000e+000
1.001734875286051e-004	9.513916e-002	0.000000e+000
1.002058375999138e-004	1.141360e-001	0.000000e+000
1.002540662152660e-004	1.424282e-001	0.000000e+000
1.003483513174874e-004	1.976409e-001	0.000000e+000
1.004421377263504e-004	2.524127e-001	0.000000e+000
1.007357607206514e-004	4.223444e-001	0.000000e+000
1.011272580463860e-004	6.454076e-001	0.000000e+000
1.019102526978552e-004	1.083114e+000	0.000000e+000
1.026772955390525e-004	1.501033e+000	0.000000e+000
1.034033091505848e-004	1.882803e+000	0.000000e+000
1.040106550759245e-004	2.186470e+000	0.000000e+000
1.047190142282507e-004	2.515011e+000	0.000000e+000
1.057190142282507e-004	2.934038e+000	0.000000e+000
1.067190142282507e-004	3.301028e+000	0.000000e+000
1.077190142282507e-004	3.613133e+000	0.000000e+000
1.087190142282507e-004	3.874359e+000	0.000000e+000
1.097190142282507e-004	4.090371e+000	0.000000e+000
1.107190142282507e-004	4.267378e+000	0.000000e+000
1.117190142282507e-004	4.411437e+000	0.000000e+000
1.127190142282507e-004	4.528083e+000	0.000000e+000
1.137190142282506e-004	4.622171e+000	0.000000e+000
1.147190142282506e-004	4.697844e+000	0.000000e+000
1.157190142282506e-004	4.758571e+000	0.000000e+000
1.167190142282506e-004	4.807223e+000	0.000000e+000
1.177190142282506e-004	4.846149e+000	0.000000e+000
1.187190142282506e-004	4.877258e+000	0.000000e+000
1.197190142282506e-004	4.902097e+000	0.000000e+000
1.207190142282506e-004	4.921920e+000	0.000000e+000
1.217190142282506e-004	4.937737e+000	0.000000e+000
1.227190142282506e-004	4.950355e+000	0.000000e+000
1.237190142282506e-004	4.960419e+000	0.000000e+000
1.247190142282506e-004	4.968446e+000	0.000000e+000
1.257190142282506e-004	4.974846e+000	0.000000e+000
1.267190142282506e-004	4.979949e+000	0.000000e+000
1.277190142282506e-004	4.984017e+000	0.000000e+000
1.287190142282506e-004	4.987261e+000	0.000000e+000
1.297190142282506e-004	4.989846e+000	0.000000e+000
1.307190142282506e-004	4.991907e+000	0.000000e+000
1.317190142282506e-004	4.993549e+000	0.000000e+000
1.327190142282506e-004	4.994859e+000	0.000000e+000
1.337190142282506e-004	4.995903e+000	0.000000e+000
1.347190142282506e-004	4.996735e+000	0.000000e+000
1.357190142282506e-004	4.997397e+000	0.000000e+000
1.367190142282506e-004	4.997926e+000	0.000000e+000
1.377190142282506e-004	4.998347e+000	0.000000e+000
1.387190142282506e-004	4.998682e+000	0.000000e+000
1.397190142282506e-004	4.998950e+000	0.000000e+000
1.407190142282506e-004	4.999163e+000	0.000000e+000
1.417190142282506e-004	4.999333e+000	0.000000e+000
1.427190142282506e-004	4.999468e+000	0.000000e+000
1.437190142282506e-004	4.999577e+000	0.000000e+000
1.447190142282506e-004	4.999662e+000	0.000000e+000
1.457190142282506e-004	4.999731e+000	0.000000e+000
1.467190142282506e-004	4.999785e+000	0.000000e+000
1.477190142282506e-004	4.999829e+000	0.000000e+000
1.487190142282506e-004	4.999864e+000	0.000000e+000
1.497190142282506e-004	4.999891e+000	0.000000e+000
1.507190142282506e-004	4.999913e+000	0.000000e+000
1.517190142282506e-004	4.999931e+000	0.000000e+000
1.527190142282506e-004	4.999945e+000	0.000000e+000
1.537190142282506e-004	4.999956e+000	0.000000e+000
1.547190142282505e-004	4.999965e+000	0.000000e+000
1.557190142282505e-004	4.999972e+000	0.000000e+000
1.567190142282505e-004	4.999978e+000	0.000000e+000
1.587190142282505e-004	4.999986e+000	0.000000e+000
1.607190142282505e-004	4.999991e+000	0.000000e+000
1.637190142282505e-004	4.999996e+000	0.000000e+000
1.660047285139648e-004	4.999997e+000	0.000000e+000
1.682904427996791e-004	4.999998e+000	0.000000e+000
1.705761570853934e-004	4.999999e+000	0.000000e+000
1.728618713711076e-004	4.999999e+000	0.000000e+000
1.751475856568219e-004	5.000000e+000	0.000000e+000
1.774332999425362e-004	5.000000e+000	0.000000e+000
1.797190142282505e-004	5.000000e+000	0.000000e+000
1.999990000000000e-004	5.000000e+000	0.000000e+000
2.000000000000000e-004	5.000000e+000	0.000000e+000
2.000000025854386e-004	5.000016e+000	1.292719e-002
2.000000077563159e-004	5.000048e+000	3.878158e-002
2.000001495054136e-004	5.000919e+000	7.475271e-001
2.000002912545114e-004	5.001790e+000	1.456273e+000
2.000004330036091e-004	5.002661e+000	2.165018e+000
2.000005747527068e-004	5.003532e+000	2.873764e+000
2.000007165018045e-004	5.004403e+000	3.582509e+000
2.000008582509023e-004	5.005274e+000	4.291255e+000
2.000010000000000e-004	5.006145e+000	5.000000e+000
2.000010007495659e-004	5.006145e+000	5.000000e+000
2.000010022486977e-004	5.006145e+000	5.000000e+000
2.000027562328911e-004	5.006145e+000	5.000000e+000
2.000045102170845e-004	5.006145e+000	5.000000e+000
2.000062642012778e-004	5.006145e+000	5.000000e+000
2.000080181854712e-004	5.006145e+000	5.000000e+000
2.000097721696646e-004	5.006145e+000	5.000000e+000
2.000115261538580e-004	5.006145e+000	5.000000e+000
2.000132801380514e-004	5.006145e+000	5.000000e+000
2.000225864675008e-004	5.006145e+000	5.000000e+000
2.000344953451172e-004	5.006083e+000	5.000000e+000
2.000518720600858e-004	5.005584e+000	5.000000e+000
2.000713291051848e-004	5.004268e+000	5.000000e+000
2.000829109908548e-004	5.003070e+000	5.000000e+000
2.000934356368566e-004	5.001796e+000	5.000000e+000
2.001067602953495e-004	5.000139e+000	5.000000e+000
2.001310845916798e-004	4.997088e+000	5.000000e+000
2.001672857936991e-004	4.992538e+000	5.000000e+000
2.002366128178831e-004	4.983821e+000	5.000000e+000
2.003752668662511e-004	4.966382e+000	5.000000e+000
2.006525749629872e-004	4.931475e+000	5.000000e+000
2.012071911564594e-004	4.861565e+000	5.000000e+000
2.017788918703178e-004	4.789417e+000	5.000000e+000
2.030183883875860e-004	4.632936e+000	5.000000e+000
2.050183883875860e-004	4.380532e+000	5.000000e+000
2.070183883875860e-004	4.128286e+000	5.000000e+000
2.100183883875860e-004	3.750298e+000	5.000000e+000
2.130183883875859e-004	3.372839e+000	5.000000e+000
2.141612455304431e-004	3.229191e+000	5.000000e+000
2.153041026733002e-004	3.085635e+000	5.000000e+000
2.164469598161574e-004	2.942170e+000	5.000000e+000
2.175898169590145e-004	2.798795e+000	5.000000e+000
2.187326741018717e-004	2.655512e+000	5.000000e+000
2.198755312447288e-004	2.512320e+000	5.000000e+000
2.210183883875859e-004	2.369219e+000	5.000000e+000
2.220183883875859e-004	2.244092e+000	5.000000e+000
2.230183883875859e-004	2.119116e+000	5.000000e+000
2.240183883875859e-004	1.994538e+000	5.000000e+000
2.260183883875859e-004	1.748463e+000	5.000000e+000
2.270183883875859e-004	1.628103e+000	5.000000e+000
2.280183883875859e-004	1.510317e+000	5.000000e+000
2.290183883875859e-004	1.395697e+000	5.000000e+000
2.300183883875859e-004	1.284814e+000	5.000000e+000
2.310183883875859e-004	1.178197e+000	5.000000e+000
2.320183883875859e-004	1.076320e+000	5.000000e+000
2.330183883875859e-004	9.795863e-001	5.000000e+000
2.340183883875859e-004	8.883144e-001	5.000000e+000
2.350183883875859e-004	8.027323e-001	5.000000e+000
2.360183883875859e-004	7.229736e-001	5.000000e+000
2.370183883875859e-004	6.490796e-001	5.000000e+000
2.380183883875859e-004	5.810044e-001	5.000000e+000
2.390183883875859e-004	5.186247e-001	5.000000e+000
2.400183883875859e-004	4.617509e-001	5.000000e+000
2.410183883875859e-004	4.101392e-001	5.000000e+000
2.420183883875859e-004	3.635052e-001	5.000000e+000
2.430183883875859e-004	3.215363e-001	5.000000e+000
2.440183883875859e-004	2.839030e-001	5.000000e+000
2.450183883875859e-004	2.502688e-001	5.000000e+000
2.460183883875859e-004	2.202983e-001	5.000000e+000
2.470183883875859e-004	1.936644e-001	5.000000e+000
2.480183883875860e-004	1.700525e-001	5.000000e+000
2.490183883875860e-004	1.491649e-001	5.000000e+000
2.500183883875860e-004	1.307226e-001	5.000000e+000
2.510183883875860e-004	1.144672e-001	5.000000e+000
2.520183883875861e-004	1.001611e-001	5.000000e+000
2.530183883875861e-004	8.758743e-002	5.000000e+000
2.540183883875861e-004	7.654935e-002	5.000000e+000
2.550183883875861e-004	6.686946e-002	5.000000e+000
2.560183883875861e-004	5.838840e-002	5.000000e+000
2.570183883875862e-004	5.096368e-002	5.000000e+000
2.580183883875862e-004	4.446833e-002	5.000000e+000
2.590183883875862e-004	3.878953e-002	5.000000e+000
2.600183883875862e-004	3.382733e-002	5.000000e+000
2.610183883875863e-004	2.949335e-002	5.000000e+000
2.620183883875863e-004	2.570965e-002	5.000000e+000
2.630183883875863e-004	2.240755e-002	5.000000e+000
2.640183883875863e-004	1.952667e-002	5.000000e+000
2.650183883875864e-004	1.701397e-002	5.000000e+000
2.660183883875864e-004	1.482293e-002	5.000000e+000
2.670183883875864e-004	1.291277e-002	5.000000e+000
2.680183883875864e-004	1.124780e-002	5.000000e+000
2.690183883875865e-004	9.796781e-003	5.000000e+000
2.700183883875865e-004	8.532391e-003	5.000000e+000
2.710183883875865e-004	7.430761e-003	5.000000e+000
2.720183883875865e-004	6.471043e-003	5.000000e+000
2.730183883875866e-004	5.635035e-003	5.000000e+000
2.740183883875866e-004	4.906847e-003	5.000000e+000
2.750183883875866e-004	4.272619e-003	5.000000e+000
2.760183883875866e-004	3.720262e-003	5.000000e+000
2.770183883875867e-004	3.239232e-003	5.000000e+000
2.780183883875867e-004	2.820338e-003	5.000000e+000
2.790183883875867e-004	2.455569e-003	5.000000e+000
2.800183883875867e-004	2.137942e-003	5.000000e+000
2.810183883875868e-004	1.861374e-003	5.000000e+000
2.820183883875868e-004	1.620563e-003	5.000000e+000
2.830183883875868e-004	1.410892e-003	5.000000e+000
2.840183883875868e-004	1.228336e-003	5.000000e+000
2.850183883875869e-004	1.069393e-003	5.000000e+000
2.860183883875869e-004	9.310108e-004	5.000000e+000
2.870183883875869e-004	8.105304e-004	5.000000e+000
2.880183883875869e-004	7.056376e-004	5.000000e+000
2.890183883875870e-004	6.143166e-004	5.000000e+000
2.900183883875870e-004	5.348120e-004	5.000000e+000
2.910183883875870e-004	4.655955e-004	5.000000e+000
2.920183883875870e-004	4.053360e-004	5.000000e+000
2.930183883875870e-004	3.528749e-004	5.000000e+000
2.940183883875871e-004	3.072032e-004	5.000000e+000
2.950183883875871e-004	2.674423e-004	5.000000e+000
2.960183883875871e-004	2.328274e-004	5.000000e+000
2.970183883875871e-004	2.026927e-004	5.000000e+000
2.980183883875872e-004	1.764582e-004	5.000000e+000
2.983014757607896e-004	1.694400e-004	5.000000e+000
2.985845631339919e-004	1.627138e-004	5.000000e+000
2.988676505071943e-004	1.562797e-004	5.000000e+000
2.991507378803967e-004	1.501377e-004	5.000000e+000
2.994338252535991e-004	1.442878e-004	5.000000e+000
2.997169126268014e-004	1.387300e-004	5.000000e+000
3.000000000000038e-004	1.334643e-004	5.000000e+000
3.000010000000000e-004	1.334459e-004	5.000000e+000
3.000010022000246e-004	1.297894e-004	4.989000e+000
3.000010066000736e-004	1.224674e-004	4.967000e+000
3.000010455719361e-004	5.792171e-005	4.772140e+000
3.000010845437987e-004	-5.742591e-006	4.577281e+000
3.000011235156612e-004	-6.852545e-005	4.382421e+000
3.000011624875238e-004	-1.304269e-004	4.187562e+000
3.000012014593863e-004	-1.914468e-004	3.992703e+000
3.000012404312489e-004	-2.515854e-004	3.797844e+000
3.000012794031114e-004	-3.108425e-004	3.602984e+000
3.000014441874551e-004	-5.436196e-004	2.779063e+000
3.000015077329689e-004	-6.061778e-004	2.461335e+000
3.000015934768832e-004	-6.487384e-004	2.032616e+000
3.000016528711861e-004	-6.659048e-004	1.735644e+000
3.000017211565168e-004	-6.794573e-004	1.394217e+000
3.000018289827342e-004	-6.940421e-004	8.550863e-001
3.000018527954594e-004	-6.956108e-004	7.360227e-001
3.000019004209097e-004	-6.962185e-004	4.978954e-001
3.000019047490995e-004	-6.961537e-004	4.762545e-001
3.000019307182379e-004	-6.947065e-004	3.464088e-001
3.000019653437559e-004	-6.913665e-004	1.732812e-001
3.000020000000000e-004	-6.869977e-004	5.679901e-011
3.000020034656244e-004	-6.828567e-004	0.000000e+000
3.000020103968733e-004	-6.756794e-004	0.000000e+000
3.000020242593709e-004	-6.645732e-004	0.000000e+000
3.000020519843663e-004	-6.477181e-004	0.000000e+000
3.000020804739741e-004	-6.340350e-004	0.000000e+000
3.000021325142709e-004	-6.132405e-004	0.000000e+000
3.000021993066759e-004	-5.895057e-004	0.000000e+000
3.000023224903004e-004	-5.491903e-004	0.000000e+000
3.000024772082011e-004	-5.007401e-004	0.000000e+000
3.000027444910185e-004	-4.185596e-004	0.000000e+000
3.000030918287321e-004	-3.111158e-004	0.000000e+000
3.000036768206714e-004	-1.258667e-004	0.000000e+000
3.000044501244606e-004	1.291289e-004	0.000000e+000
3.000057140922020e-004	5.693747e-004	0.000000e+000
3.000074331138814e-004	1.210402e-003	0.000000e+000
3.000101478553198e-004	2.302444e-003	0.000000e+000
3.000134661683345e-004	3.740727e-003	0.000000e+000
3.000174240704701e-004	5.573142e-003	0.000000e+000
3.000212170192911e-004	7.421608e-003	0.000000e+000
3.000246599781717e-004	9.166612e-003	0.000000e+000
3.000284757460197e-004	1.115849e-002	0.000000e+000
3.000326379552739e-004	1.338598e-002	0.000000e+000
3.000388273352823e-004	1.677307e-002	0.000000e+000
3.000461623319745e-004	2.086706e-002	0.000000e+000
3.000558559995971e-004	2.636739e-002	0.000000e+000
3.000654017081566e-004	3.185035e-002	0.000000e+000
3.000760240024909e-004	3.800431e-002	0.000000e+000
3.000865212312768e-004	4.411843e-002	0.000000e+000
3.000981179062092e-004	5.089600e-002	0.000000e+000
3.001087202599286e-004	5.710611e-002	0.000000e+000
3.001196742242845e-004	6.353168e-002	0.000000e+000
3.001331728161537e-004	7.145707e-002	0.000000e+000
3.001503251739312e-004	8.153252e-002	0.000000e+000
3.001734406498542e-004	9.511170e-002	0.000000e+000
3.002057686762185e-004	1.140956e-001	0.000000e+000
3.002539601958710e-004	1.423661e-001	0.000000e+000
3.003480448013649e-004	1.974619e-001	0.000000e+000
3.004416007046732e-004	2.520998e-001	0.000000e+000
3.007349176895535e-004	4.218591e-001	0.000000e+000
3.011260070027273e-004	6.446992e-001	0.000000e+000
3.019081856290750e-004	1.081981e+000	0.000000e+000
3.026734841399606e-004	1.499020e+000	0.000000e+000
3.033965256397128e-004	1.879369e+000	0.000000e+000
3.040012521789660e-004	2.181939e+000	0.000000e+000
3.047074588097304e-004	2.509839e+000	0.000000e+000
3.057074588097304e-004	2.929476e+000	0.000000e+000
3.067074588097304e-004	3.297113e+000	0.000000e+000
3.077074588097304e-004	3.609833e+000	0.000000e+000
3.087074588097305e-004	3.871615e+000	0.000000e+000
3.097074588097305e-004	4.088113e+000	0.000000e+000
3.107074588097305e-004	4.265535e+000	0.000000e+000
3.117074588097305e-004	4.409942e+000	0.000000e+000
3.127074588097306e-004	4.526875e+000	0.000000e+000
3.137074588097306e-004	4.621198e+000	0.000000e+000
3.147074588097306e-004	4.697062e+000	0.000000e+000
3.157074588097306e-004	4.757945e+000	0.000000e+000
3.167074588097307e-004	4.806722e+000	0.000000e+000
3.177074588097307e-004	4.845748e+000	0.000000e+000
3.187074588097307e-004	4.876938e+000	0.000000e+000
3.197074588097307e-004	4.901842e+000	0.000000e+000
3.207074588097308e-004	4.921716e+000	0.000000e+000
3.217074588097308e-004	4.937573e+000	0.000000e+000
3.227074588097308e-004	4.950225e+000	0.000000e+000
3.237074588097308e-004	4.960315e+000	0.000000e+000
3.247074588097309e-004	4.968363e+000	0.000000e+000
3.257074588097309e-004	4.974780e+000	0.000000e+000
3.267074588097309e-004	4.979897e+000	0.000000e+000
3.277074588097309e-004	4.983975e+000	0.000000e+000
3.287074588097310e-004	4.987227e+000	0.000000e+000
3.297074588097310e-004	4.989820e+000	0.000000e+000
3.307074588097310e-004	4.991886e+000	0.000000e+000
3.317074588097310e-004	4.993533e+000	0.000000e+000
3.327074588097311e-004	4.994845e+000	0.000000e+000
3.337074588097311e-004	4.995892e+000	0.000000e+000
3.347074588097311e-004	4.996726e+000	0.000000e+000
3.357074588097311e-004	4.997390e+000	0.000000e+000
3.367074588097312e-004	4.997920e+000	0.000000e+000
3.377074588097312e-004	4.998343e+000	0.000000e+000
3.387074588097312e-004	4.998679e+000	0.000000e+000
3.397074588097312e-004	4.998947e+000	0.000000e+000
3.407074588097312e-004	4.999161e+000	0.000000e+000
3.417074588097313e-004	4.999331e+000	0.000000e+000
3.427074588097313e-004	4.999467e+000	0.000000e+000
3.437074588097313e-004	4.999576e+000	0.000000e+000
3.447074588097313e-004	4.999661e+000	0.000000e+000
3.457074588097314e-004	4.999730e+000	0.000000e+000
3.467074588097314e-004	4.999785e+000	0.000000e+000
3.477074588097314e-004	4.999828e+000	0.000000e+000
3.487074588097314e-004	4.999864e+000	0.000000e+000
3.497074588097315e-004	4.999891e+000	0.000000e+000
3.507074588097315e-004	4.999913e+000	0.000000e+000
3.517074588097315e-004	4.999931e+000	0.000000e+000
3.527074588097315e-004	4.999945e+000	0.000000e+000
3.537074588097316e-004	4.999956e+000	0.000000e+000
3.547074588097316e-004	4.999965e+000	0.000000e+000
3.557074588097316e-004	4.999972e+000	0.000000e+000
3.567074588097316e-004	4.999978e+000	0.000000e+000
3.587074588097317e-004	4.999986e+000	0.000000e+000
3.607074588097317e-004	4.999991e+000	0.000000e+000
3.637074588097318e-004	4.999996e+000	0.000000e+000
3.659931730954461e-004	4.999997e+000	0.000000e+000
3.682788873811605e-004	4.999998e+000	0.000000e+000
3.705646016668748e-004	4.999999e+000	0.000000e+000
3.728503159525892e-004	4.999999e+000	0.000000e+000
3.751360302383035e-004	5.000000e+000	0.000000e+000
3.774217445240179e-004	5.000000e+000	0.000000e+000
3.797074588097322e-004	5.000000e+000	0.000000e+000
3.999990000000000e-004	5.000000e+000	0.000000e+000
4.000000000000000e-004	5.000000e+000	0.000000e+000
4.000000025842992e-004	5.000016e+000	1.292150e-002
4.000000077528975e-004	5.000048e+000	3.876449e-002
4.000001495024836e-004	5.000919e+000	7.475124e-001
4.000002912520697e-004	5.001790e+000	1.456260e+000
4.000004330016558e-004	5.002661e+000	2.165008e+000
4.000005747512418e-004	5.003532e+000	2.873756e+000
4.000007165008279e-004	5.004403e+000	3.582504e+000
4.000008582504140e-004	5.005274e+000	4.291252e+000
4.000010000000000e-004	5.006145e+000	5.000000e+000
4.000010007502052e-004	5.006145e+000	5.000000e+000
4.000010022506154e-004	5.006145e+000	5.000000e+000
4.000027577306070e-004	5.006145e+000	5.000000e+000
4.000045132105986e-004	5.006145e+000	5.000000e+000
4.000062686905902e-004	5.006145e+000	5.000000e+000
4.000080241705818e-004	5.006145e+000	5.000000e+000
4.000097796505733e-004	5.006145e+000	5.000000e+000
4.000115351305649e-004	5.006145e+000	5.000000e+000
4.000132906105565e-004	5.006145e+000	5.000000e+000
4.000225994340313e-004	5.006145e+000	5.000000e+000
4.000345169903483e-004	5.006082e+000	5.000000e+000
4.000519061024724e-004	5.005582e+000	5.000000e+000
4.000713465804406e-004	5.004266e+000	5.000000e+000
4.000828959595871e-004	5.003071e+000	5.000000e+000
4.000934197677383e-004	5.001797e+000	5.000000e+000
4.001067432829900e-004	5.000141e+000	5.000000e+000
4.001310817012749e-004	4.997088e+000	5.000000e+000
4.001672366494501e-004	4.992544e+000	5.000000e+000
4.002365270144710e-004	4.983831e+000	5.000000e+000
4.003751077445129e-004	4.966401e+000	5.000000e+000
4.006522692045966e-004	4.931513e+000	5.000000e+000
4.012065921247640e-004	4.861640e+000	5.000000e+000
4.017784921809678e-004	4.789467e+000	5.000000e+000
4.030171810289901e-004	4.633088e+000	5.000000e+000
4.050171810289902e-004	4.380684e+000	5.000000e+000
4.070171810289902e-004	4.128438e+000	5.000000e+000
4.100171810289903e-004	3.750449e+000	5.000000e+000
4.130171810289904e-004	3.372990e+000	5.000000e+000
4.141600381718475e-004	3.229343e+000	5.000000e+000
4.153028953147047e-004	3.085786e+000	5.000000e+000
4.164457524575619e-004	2.942321e+000	5.000000e+000
4.175886096004191e-004	2.798946e+000	5.000000e+000
4.187314667432762e-004	2.655663e+000	5.000000e+000
4.198743238861334e-004	2.512470e+000	5.000000e+000
4.210171810289906e-004	2.369369e+000	5.000000e+000
4.220171810289906e-004	2.244243e+000	5.000000e+000
4.230171810289906e-004	2.119266e+000	5.000000e+000
4.240171810289906e-004	1.994687e+000	5.000000e+000
4.260171810289907e-004	1.748609e+000	5.000000e+000
4.270171810289907e-004	1.628246e+000	5.000000e+000
4.280171810289907e-004	1.510457e+000	5.000000e+000
4.290171810289908e-004	1.395833e+000	5.000000e+000
4.300171810289908e-004	1.284945e+000	5.000000e+000
4.310171810289908e-004	1.178322e+000	5.000000e+000
4.320171810289908e-004	1.076439e+000	5.000000e+000
4.330171810289909e-004	9.796990e-001	5.000000e+000
4.340171810289909e-004	8.884203e-001	5.000000e+000
4.350171810289909e-004	8.028313e-001	5.000000e+000
4.360171810289909e-004	7.230656e-001	5.000000e+000
4.370171810289909e-004	6.491647e-001	5.000000e+000
4.380171810289910e-004	5.810829e-001	5.000000e+000
4.390171810289910e-004	5.186968e-001	5.000000e+000
4.400171810289910e-004	4.618166e-001	5.000000e+000
4.410171810289910e-004	4.101987e-001	5.000000e+000
4.420171810289911e-004	3.635588e-001	5.000000e+000
4.430171810289911e-004	3.215845e-001	5.000000e+000
4.440171810289911e-004	2.839461e-001	5.000000e+000
4.450171810289911e-004	2.503071e-001	5.000000e+000
4.460171810289912e-004	2.203323e-001	5.000000e+000
4.470171810289912e-004	1.936943e-001	5.000000e+000
4.480171810289912e-004	1.700789e-001	5.000000e+000
4.490171810289912e-004	1.491882e-001	5.000000e+000
4.500171810289913e-004	1.307432e-001	5.000000e+000
4.510171810289913e-004	1.144854e-001	5.000000e+000
4.520171810289913e-004	1.001771e-001	5.000000e+000
4.530171810289913e-004	8.760145e-002	5.000000e+000
4.540171810289914e-004	7.656165e-002	5.000000e+000
4.550171810289914e-004	6.688024e-002	5.000000e+000
4.560171810289914e-004	5.839784e-002	5.000000e+000
4.570171810289914e-004	5.097195e-002	5.000000e+000
4.580171810289915e-004	4.447556e-002	5.000000e+000
4.590171810289915e-004	3.879585e-002	5.000000e+000
4.600171810289915e-004	3.383284e-002	5.000000e+000
4.610171810289915e-004	2.949817e-002	5.000000e+000
4.620171810289916e-004	2.571386e-002	5.000000e+000
4.630171810289916e-004	2.241122e-002	5.000000e+000
4.640171810289916e-004	1.952987e-002	5.000000e+000
4.650171810289916e-004	1.701676e-002	5.000000e+000
4.660171810289917e-004	1.482536e-002	5.000000e+000
4.670171810289917e-004	1.291489e-002	5.000000e+000
4.680171810289917e-004	1.124965e-002	5.000000e+000
4.690171810289917e-004	9.798393e-003	5.000000e+000
4.700171810289918e-004	8.533794e-003	5.000000e+000
4.710171810289918e-004	7.431984e-003	5.000000e+000
4.720171810289918e-004	6.472109e-003	5.000000e+000
4.730171810289918e-004	5.635963e-003	5.000000e+000
4.740171810289918e-004	4.907656e-003	5.000000e+000
4.750171810289919e-004	4.273323e-003	5.000000e+000
4.760171810289919e-004	3.720875e-003	5.000000e+000
4.770171810289919e-004	3.239766e-003	5.000000e+000
4.780171810289919e-004	2.820803e-003	5.000000e+000
4.790171810289920e-004	2.455974e-003	5.000000e+000
4.800171810289920e-004	2.138295e-003	5.000000e+000
4.810171810289920e-004	1.861681e-003	5.000000e+000
4.820171810289920e-004	1.620831e-003	5.000000e+000
4.830171810289921e-004	1.411124e-003	5.000000e+000
4.840171810289921e-004	1.228539e-003	5.000000e+000
4.850171810289921e-004	1.069570e-003	5.000000e+000
4.860171810289921e-004	9.311644e-004	5.000000e+000
4.870171810289922e-004	8.106641e-004	5.000000e+000
4.880171810289922e-004	7.057540e-004	5.000000e+000
4.890171810289922e-004	6.144179e-004	5.000000e+000
4.900171810289922e-004	5.349002e-004	5.000000e+000
4.910171810289922e-004	4.656723e-004	5.000000e+000
4.920171810289922e-004	4.054029e-004	5.000000e+000
4.930171810289923e-004	3.529331e-004	5.000000e+000
4.940171810289923e-004	3.072539e-004	5.000000e+000
4.950171810289923e-004	2.674864e-004	5.000000e+000
4.960171810289923e-004	2.328658e-004	5.000000e+000
4.970171810289924e-004	2.027261e-004	5.000000e+000
4.980171810289924e-004	1.764873e-004	5.000000e+000
4.983004408819935e-004	1.694639e-004	5.000000e+000
4.985837007349946e-004	1.627329e-004	5.000000e+000
4.988669605879957e-004	1.562943e-004	5.000000e+000
4.991502204409967e-004	1.501481e-004	5.000000e+000
4.994334802939978e-004	1.442944e-004	5.000000e+000
4.997167401469989e-004	1.387330e-004	5.000000e+000
5.000000000000000e-004	1.334641e-004	5.000000e+000
5.000010000000000e-004	1.334456e-004	5.000000e+000
5.000010022000246e-004	1.297891e-004	4.989000e+000
5.000010066000736e-004	1.224672e-004	4.967000e+000
5.000010455719363e-004	5.792143e-005	4.772140e+000
5.000010845437990e-004	-5.742865e-006	4.577281e+000
5.000011235156617e-004	-6.852572e-005	4.382421e+000
5.000011624875243e-004	-1.304271e-004	4.187562e+000
5.000012014593871e-004	-1.914471e-004	3.992703e+000
5.000012404312497e-004	-2.515857e-004	3.797844e+000
5.000012794031124e-004	-3.108428e-004	3.602984e+000
5.000014441874683e-004	-5.436199e-004	2.779063e+000
5.000015077329864e-004	-6.061781e-004	2.461335e+000
5.000015934769205e-004	-6.487387e-004	2.032615e+000
5.000016528712242e-004	-6.659051e-004	1.735644e+000
5.000017211565607e-004	-6.794575e-004	1.394217e+000
5.000018289828233e-004	-6.940423e-004	8.550859e-001
5.000018527954308e-004	-6.956111e-004	7.360228e-001
5.000019004206457e-004	-6.962188e-004	4.978968e-001
5.000019047495701e-004	-6.961540e-004	4.762521e-001
5.000019307231163e-004	-6.947063e-004	3.463844e-001
5.000019653545113e-004	-6.913656e-004	1.732274e-001
5.000020000000000e-004	-6.869980e-004	0.000000e+000
5.000020034645489e-004	-6.828581e-004	0.000000e+000
5.000020103936466e-004	-6.756825e-004	0.000000e+000
5.000020242518421e-004	-6.645787e-004	0.000000e+000
5.000020519682331e-004	-6.477268e-004	0.000000e+000
5.000020804559620e-004	-6.340433e-004	0.000000e+000
5.000021324838566e-004	-6.132522e-004	0.000000e+000
5.000021992660714e-004	-5.895199e-004	0.000000e+000
5.000023224172392e-004	-5.492139e-004	0.000000e+000
5.000024771115276e-004	-5.007703e-004	0.000000e+000
5.000027443298031e-004	-4.186095e-004	0.000000e+000
5.000030916116473e-004	-3.111837e-004	0.000000e+000
5.000036764657677e-004	-1.259814e-004	0.000000e+000
5.000044496396539e-004	1.289651e-004	0.000000e+000
5.000057133175155e-004	5.690960e-004	0.000000e+000
5.000074320317776e-004	1.209985e-003	0.000000e+000
5.000101462387643e-004	2.301769e-003	0.000000e+000
5.000134642923952e-004	3.739886e-003	0.000000e+000
5.000174220060168e-004	5.572158e-003	0.000000e+000
5.000212151338867e-004	7.420669e-003	0.000000e+000
5.000246583672356e-004	9.165783e-003	0.000000e+000
5.000284737907588e-004	1.115745e-002	0.000000e+000
5.000326351454883e-004	1.338446e-002	0.000000e+000
5.000388237976066e-004	1.677111e-002	0.000000e+000
5.000461578351045e-004	2.086453e-002	0.000000e+000
5.000558505142063e-004	2.636426e-002	0.000000e+000
5.000653962603630e-004	3.184720e-002	0.000000e+000
5.000760181321695e-004	3.800089e-002	0.000000e+000
5.000865153218817e-004	4.411498e-002	0.000000e+000
5.000981113257551e-004	5.089216e-002	0.000000e+000
5.001087151033421e-004	5.710309e-002	0.000000e+000
5.001196664047349e-004	6.352709e-002	0.000000e+000
5.001331632332205e-004	7.145144e-002	0.000000e+000
5.001503118014510e-004	8.152466e-002	0.000000e+000
5.001734231342008e-004	9.510141e-002	0.000000e+000
5.002057429205386e-004	1.140805e-001	0.000000e+000
5.002539205900538e-004	1.423429e-001	0.000000e+000
5.003479305142307e-004	1.973951e-001	0.000000e+000
5.004414005925641e-004	2.519832e-001	0.000000e+000
5.007346038183432e-004	4.216783e-001	0.000000e+000
5.011255414527153e-004	6.444355e-001	0.000000e+000
5.019074167214594e-004	1.081560e+000	0.000000e+000
5.026720728102238e-004	1.498275e+000	0.000000e+000
5.033940211701263e-004	1.878100e+000	0.000000e+000
5.039977833957763e-004	2.180267e+000	0.000000e+000
5.047031967698796e-004	2.507929e+000	0.000000e+000
5.057031967698796e-004	2.927792e+000	0.000000e+000
5.067031967698796e-004	3.295667e+000	0.000000e+000
5.077031967698797e-004	3.608613e+000	0.000000e+000
5.087031967698797e-004	3.870601e+000	0.000000e+000
5.097031967698797e-004	4.087279e+000	0.000000e+000
5.107031967698797e-004	4.264854e+000	0.000000e+000
5.117031967698798e-004	4.409389e+000	0.000000e+000
5.127031967698798e-004	4.526429e+000	0.000000e+000
5.137031967698798e-004	4.620839e+000	0.000000e+000
5.147031967698798e-004	4.696774e+000	0.000000e+000
5.157031967698799e-004	4.757713e+000	0.000000e+000
5.167031967698799e-004	4.806536e+000	0.000000e+000
5.177031967698799e-004	4.845600e+000	0.000000e+000
5.187031967698799e-004	4.876820e+000	0.000000e+000
5.197031967698800e-004	4.901747e+000	0.000000e+000
5.207031967698800e-004	4.921640e+000	0.000000e+000
5.217031967698800e-004	4.937513e+000	0.000000e+000
5.227031967698800e-004	4.950177e+000	0.000000e+000
5.237031967698801e-004	4.960277e+000	0.000000e+000
5.247031967698801e-004	4.968332e+000	0.000000e+000
5.257031967698801e-004	4.974756e+000	0.000000e+000
5.267031967698801e-004	4.979877e+000	0.000000e+000
5.277031967698802e-004	4.983960e+000	0.000000e+000
5.287031967698802e-004	4.987215e+000	0.000000e+000
5.297031967698802e-004	4.989810e+000	0.000000e+000
5.307031967698802e-004	4.991878e+000	0.000000e+000
5.317031967698802e-004	4.993526e+000	0.000000e+000
5.327031967698803e-004	4.994841e+000	0.000000e+000
5.337031967698803e-004	4.995888e+000	0.000000e+000
5.347031967698803e-004	4.996723e+000	0.000000e+000
5.357031967698803e-004	4.997388e+000	0.000000e+000
5.367031967698804e-004	4.997918e+000	0.000000e+000
5.377031967698804e-004	4.998341e+000	0.000000e+000
5.387031967698804e-004	4.998678e+000	0.000000e+000
5.397031967698804e-004	4.998946e+000	0.000000e+000
5.407031967698805e-004	4.999160e+000	0.000000e+000
5.417031967698805e-004	4.999331e+000	0.000000e+000
5.427031967698805e-004	4.999467e+000	0.000000e+000
5.437031967698805e-004	4.999575e+000	0.000000e+000
5.447031967698806e-004	4.999661e+000	0.000000e+000
5.457031967698806e-004	4.999730e+000	0.000000e+000
5.467031967698806e-004	4.999784e+000	0.000000e+000
5.477031967698806e-004	4.999828e+000	0.000000e+000
5.487031967698807e-004	4.999863e+000	0.000000e+000
5.497031967698807e-004	4.999891e+000	0.000000e+000
5.507031967698807e-004	4.999913e+000	0.000000e+000
5.517031967698807e-004	4.999931e+000	0.000000e+000
5.527031967698808e-004	4.999945e+000	0.000000e+000
5.537031967698808e-004	4.999956e+000	0.000000e+000
5.547031967698808e-004	4.999965e+000	0.000000e+000
5.557031967698808e-004	4.999972e+000	0.000000e+000
5.567031967698809e-004	4.999978e+000	0.000000e+000
5.587031967698809e-004	4.999986e+000	0.000000e+000
5.607031967698810e-004	4.999991e+000	0.000000e+000
5.637031967698810e-004	4.999995e+000	0.000000e+000
5.659889110555954e-004	4.999997e+000	0.000000e+000
5.682746253413097e-004	4.999998e+000	0.000000e+000
5.705603396270240e-004	4.999999e+000	0.000000e+000
5.728460539127384e-004	5.000000e+000	0.000000e+000
5.751317681984528e-004	5.000000e+000	0.000000e+000
5.774174824841671e-004	5.000000e+000	0.000000e+000
5.797031967698814e-004	5.000000e+000	0.000000e+000
5.999989999990417e-004	5.000000e+000	0.000000e+000
6.000000000000000e-004	5.000000e+000	0.000000e+000
