v3	-I(V3)
0.000000000000000e+000	-0.000000e+000
1.000000000000000e-002	2.032065e-014
2.000000000000000e-002	4.053849e-014
3.000000000000000e-002	6.068648e-014
4.000000000000000e-002	8.078701e-014
5.000000000000000e-002	1.008553e-013
6.000000000000001e-002	1.209017e-013
7.000000000000001e-002	1.409332e-013
8.000000000000000e-002	1.609546e-013
9.000000000000000e-002	1.809692e-013
9.999999999999999e-002	2.009791e-013
1.100000000000000e-001	2.209858e-013
1.200000000000000e-001	2.409903e-013
1.300000000000000e-001	2.609934e-013
1.400000000000000e-001	2.809956e-013
1.500000000000000e-001	3.009970e-013
1.600000000000000e-001	3.209979e-013
1.700000000000000e-001	3.409986e-013
1.800000000000000e-001	3.609990e-013
1.900000000000000e-001	3.809993e-013
2.000000000000000e-001	4.009996e-013
2.100000000000001e-001	4.209997e-013
2.200000000000001e-001	4.409998e-013
2.300000000000001e-001	4.609998e-013
2.400000000000001e-001	4.809999e-013
2.500000000000001e-001	5.010000e-013
2.600000000000001e-001	5.210000e-013
2.700000000000001e-001	5.410000e-013
2.800000000000001e-001	5.610000e-013
2.900000000000001e-001	5.810000e-013
3.000000000000001e-001	6.010000e-013
3.100000000000001e-001	6.210000e-013
3.200000000000001e-001	6.410000e-013
3.300000000000001e-001	6.610000e-013
3.400000000000001e-001	6.810000e-013
3.500000000000001e-001	7.010000e-013
3.600000000000002e-001	7.210000e-013
3.700000000000002e-001	7.410000e-013
3.800000000000002e-001	7.610000e-013
3.900000000000002e-001	7.810000e-013
4.000000000000002e-001	8.010000e-013
4.100000000000002e-001	8.210000e-013
4.200000000000002e-001	8.410000e-013
4.300000000000002e-001	8.610000e-013
4.400000000000002e-001	8.810000e-013
4.500000000000002e-001	9.010000e-013
4.600000000000002e-001	9.210000e-013
4.700000000000003e-001	9.410000e-013
4.800000000000003e-001	9.610001e-013
4.900000000000003e-001	9.810000e-013
5.000000000000002e-001	1.001000e-012
5.100000000000002e-001	1.021000e-012
5.200000000000002e-001	1.041000e-012
5.300000000000003e-001	1.061000e-012
5.400000000000003e-001	1.081000e-012
5.500000000000003e-001	1.101000e-012
5.600000000000003e-001	1.121000e-012
5.700000000000003e-001	1.141000e-012
5.800000000000003e-001	1.161000e-012
5.900000000000003e-001	1.181000e-012
6.000000000000003e-001	1.201000e-012
6.100000000000003e-001	1.221000e-012
6.200000000000003e-001	1.241000e-012
6.300000000000003e-001	1.261000e-012
6.400000000000004e-001	1.281000e-012
6.500000000000004e-001	1.301000e-012
6.600000000000004e-001	1.321000e-012
6.700000000000004e-001	1.341000e-012
6.800000000000004e-001	1.361000e-012
6.900000000000004e-001	1.381000e-012
7.000000000000004e-001	1.401000e-012
7.100000000000004e-001	1.421000e-012
7.200000000000004e-001	1.441000e-012
7.300000000000004e-001	1.461000e-012
7.400000000000004e-001	1.481000e-012
7.500000000000004e-001	1.501000e-012
7.600000000000005e-001	1.521000e-012
7.700000000000005e-001	1.541000e-012
7.800000000000005e-001	1.561000e-012
7.900000000000005e-001	1.581000e-012
8.000000000000005e-001	1.601000e-012
8.100000000000005e-001	1.621000e-012
8.200000000000005e-001	1.641000e-012
8.300000000000005e-001	1.661000e-012
8.400000000000005e-001	1.681000e-012
8.500000000000005e-001	1.701000e-012
8.600000000000005e-001	1.721000e-012
8.700000000000006e-001	1.741000e-012
8.800000000000006e-001	1.761000e-012
8.900000000000006e-001	1.781000e-012
9.000000000000006e-001	1.801000e-012
9.100000000000006e-001	1.821000e-012
9.200000000000006e-001	1.841000e-012
9.300000000000006e-001	1.861000e-012
9.400000000000006e-001	1.881000e-012
9.500000000000006e-001	1.901000e-012
9.600000000000006e-001	1.921000e-012
9.700000000000006e-001	1.941000e-012
9.800000000000007e-001	1.961000e-012
9.900000000000007e-001	1.981000e-012
1.000000000000001e+000	2.001000e-012
1.010000000000001e+000	2.021000e-012
1.020000000000001e+000	2.041000e-012
1.030000000000001e+000	2.061000e-012
1.040000000000001e+000	2.081000e-012
1.050000000000001e+000	2.101000e-012
1.060000000000001e+000	2.121000e-012
1.070000000000001e+000	2.141000e-012
1.080000000000001e+000	2.161000e-012
1.090000000000001e+000	2.181000e-012
1.100000000000001e+000	2.201000e-012
1.110000000000001e+000	2.221000e-012
1.120000000000001e+000	2.241000e-012
1.130000000000001e+000	2.261000e-012
1.140000000000001e+000	2.281000e-012
1.150000000000001e+000	2.301000e-012
1.160000000000001e+000	2.321000e-012
1.170000000000001e+000	2.341000e-012
1.180000000000001e+000	2.361000e-012
1.190000000000001e+000	2.381000e-012
1.200000000000001e+000	2.401000e-012
1.210000000000001e+000	2.421000e-012
1.220000000000001e+000	2.441000e-012
1.230000000000001e+000	2.461000e-012
1.240000000000001e+000	2.481000e-012
1.250000000000001e+000	2.501000e-012
1.260000000000001e+000	2.521000e-012
1.270000000000001e+000	2.541000e-012
1.280000000000001e+000	2.561000e-012
1.290000000000001e+000	2.581000e-012
1.300000000000001e+000	2.601000e-012
1.310000000000001e+000	2.621000e-012
1.320000000000001e+000	2.641000e-012
1.330000000000001e+000	2.661000e-012
1.340000000000001e+000	2.681000e-012
1.350000000000001e+000	2.701000e-012
1.360000000000001e+000	2.721000e-012
1.370000000000001e+000	2.741000e-012
1.380000000000001e+000	2.761000e-012
1.390000000000001e+000	2.781000e-012
1.400000000000001e+000	2.801000e-012
1.410000000000001e+000	3.606362e-008
1.420000000000001e+000	1.443612e-007
1.430000000000001e+000	3.250685e-007
1.440000000000001e+000	5.783581e-007
1.450000000000001e+000	9.044029e-007
1.460000000000001e+000	1.303376e-006
1.470000000000001e+000	1.775449e-006
1.480000000000001e+000	2.320797e-006
1.490000000000001e+000	2.939590e-006
1.500000000000001e+000	3.632003e-006
1.510000000000001e+000	4.398208e-006
1.520000000000001e+000	5.238378e-006
1.530000000000001e+000	6.152685e-006
1.540000000000001e+000	7.141302e-006
1.550000000000001e+000	8.204403e-006
1.560000000000001e+000	9.342160e-006
1.570000000000001e+000	1.055475e-005
1.580000000000001e+000	1.184233e-005
1.590000000000001e+000	1.320509e-005
1.600000000000001e+000	1.464320e-005
1.610000000000001e+000	1.615683e-005
1.620000000000001e+000	1.774615e-005
1.630000000000001e+000	1.941134e-005
1.640000000000001e+000	2.115257e-005
1.650000000000001e+000	2.297000e-005
1.660000000000001e+000	2.486382e-005
1.670000000000001e+000	2.683420e-005
1.680000000000001e+000	2.888131e-005
1.690000000000001e+000	3.100532e-005
1.700000000000001e+000	3.320640e-005
1.710000000000001e+000	3.548474e-005
1.720000000000001e+000	3.784049e-005
1.730000000000001e+000	4.027384e-005
1.740000000000001e+000	4.278495e-005
1.750000000000001e+000	4.537400e-005
1.760000000000001e+000	4.804117e-005
1.770000000000001e+000	5.078662e-005
1.780000000000001e+000	5.361053e-005
1.790000000000001e+000	5.651306e-005
1.800000000000001e+000	5.949440e-005
1.810000000000001e+000	6.255472e-005
1.820000000000001e+000	6.569418e-005
1.830000000000001e+000	6.891297e-005
1.840000000000001e+000	7.221125e-005
1.850000000000001e+000	7.558920e-005
1.860000000000001e+000	7.904699e-005
1.870000000000001e+000	8.258480e-005
1.880000000000001e+000	8.620278e-005
1.890000000000002e+000	8.990113e-005
1.900000000000002e+000	9.368001e-005
1.910000000000002e+000	9.753958e-005
1.920000000000002e+000	1.014800e-004
1.930000000000002e+000	1.055016e-004
1.940000000000002e+000	1.096043e-004
1.950000000000002e+000	1.137884e-004
1.960000000000002e+000	1.180541e-004
1.970000000000002e+000	1.224015e-004
1.980000000000002e+000	1.268309e-004
1.990000000000002e+000	1.313423e-004
2.000000000000001e+000	1.359360e-004
2.010000000000001e+000	1.406121e-004
2.020000000000001e+000	1.453709e-004
2.030000000000001e+000	1.502124e-004
2.040000000000001e+000	1.551368e-004
2.050000000000000e+000	1.601444e-004
2.060000000000000e+000	1.652353e-004
2.070000000000000e+000	1.704096e-004
2.080000000000000e+000	1.756676e-004
2.089999999999999e+000	1.810094e-004
2.099999999999999e+000	1.864352e-004
2.109999999999999e+000	1.919451e-004
2.119999999999999e+000	1.975394e-004
2.129999999999999e+000	2.032182e-004
2.139999999999998e+000	2.089817e-004
2.149999999999998e+000	2.148300e-004
2.159999999999998e+000	2.207634e-004
2.169999999999998e+000	2.267819e-004
2.179999999999998e+000	2.328858e-004
2.189999999999997e+000	2.390752e-004
2.199999999999997e+000	2.453504e-004
2.209999999999997e+000	2.517115e-004
2.219999999999997e+000	2.581586e-004
2.229999999999996e+000	2.646919e-004
2.239999999999996e+000	2.713117e-004
2.249999999999996e+000	2.780180e-004
2.259999999999996e+000	2.848111e-004
2.269999999999996e+000	2.916911e-004
2.279999999999995e+000	2.986582e-004
2.289999999999995e+000	3.057126e-004
2.299999999999995e+000	3.128544e-004
2.309999999999995e+000	3.200838e-004
2.319999999999995e+000	3.274011e-004
2.329999999999994e+000	3.348062e-004
2.339999999999994e+000	3.422996e-004
2.349999999999994e+000	3.498812e-004
2.359999999999994e+000	3.575513e-004
2.369999999999993e+000	3.653101e-004
2.379999999999993e+000	3.731577e-004
2.389999999999993e+000	3.810943e-004
2.399999999999993e+000	3.891200e-004
2.409999999999993e+000	3.972351e-004
2.419999999999992e+000	4.054397e-004
2.429999999999992e+000	4.137340e-004
2.439999999999992e+000	4.221182e-004
2.449999999999992e+000	4.305924e-004
2.459999999999992e+000	4.391568e-004
2.469999999999991e+000	4.478116e-004
2.479999999999991e+000	4.565570e-004
2.489999999999991e+000	4.653930e-004
2.499999999999991e+000	4.743200e-004
2.509999999999991e+000	4.833381e-004
2.519999999999990e+000	4.924473e-004
2.529999999999990e+000	5.016481e-004
2.539999999999990e+000	5.109403e-004
2.549999999999990e+000	5.203244e-004
2.559999999999989e+000	5.298004e-004
2.569999999999989e+000	5.393685e-004
2.579999999999989e+000	5.490289e-004
2.589999999999989e+000	5.587817e-004
2.599999999999989e+000	5.686272e-004
2.609999999999988e+000	5.785655e-004
2.619999999999988e+000	5.885967e-004
2.629999999999988e+000	5.987211e-004
2.639999999999988e+000	6.089388e-004
2.649999999999988e+000	6.192500e-004
2.659999999999987e+000	6.296549e-004
2.669999999999987e+000	6.401535e-004
2.679999999999987e+000	6.507463e-004
2.689999999999987e+000	6.614332e-004
2.699999999999986e+000	6.722144e-004
2.709999999999986e+000	6.830902e-004
2.719999999999986e+000	6.940606e-004
2.729999999999986e+000	7.051260e-004
2.739999999999986e+000	7.162864e-004
2.749999999999985e+000	7.275420e-004
2.759999999999985e+000	7.388930e-004
2.769999999999985e+000	7.503396e-004
2.779999999999985e+000	7.618819e-004
2.789999999999985e+000	7.735201e-004
2.799999999999984e+000	7.852544e-004
2.809999999999984e+000	7.970849e-004
2.819999999999984e+000	8.090119e-004
2.829999999999984e+000	8.210355e-004
2.839999999999983e+000	8.331559e-004
2.849999999999983e+000	8.453732e-004
2.859999999999983e+000	8.576876e-004
2.869999999999983e+000	8.700993e-004
2.879999999999983e+000	8.826085e-004
2.889999999999982e+000	8.952154e-004
2.899999999999982e+000	9.079200e-004
2.909999999999982e+000	9.207226e-004
2.919999999999982e+000	9.336234e-004
2.929999999999982e+000	9.466225e-004
2.939999999999981e+000	9.597201e-004
2.949999999999981e+000	9.729164e-004
2.959999999999981e+000	9.862116e-004
2.969999999999981e+000	9.996057e-004
2.979999999999980e+000	1.013099e-003
2.989999999999980e+000	1.026692e-003
2.999999999999980e+000	1.040384e-003
3.009999999999980e+000	1.054176e-003
3.019999999999980e+000	1.068068e-003
3.029999999999979e+000	1.082060e-003
3.039999999999979e+000	1.096152e-003
3.049999999999979e+000	1.110344e-003
3.059999999999979e+000	1.124638e-003
3.069999999999979e+000	1.139031e-003
3.079999999999978e+000	1.153526e-003
3.089999999999978e+000	1.168122e-003
3.099999999999978e+000	1.182819e-003
3.109999999999978e+000	1.197618e-003
3.119999999999978e+000	1.212518e-003
3.129999999999977e+000	1.227520e-003
3.139999999999977e+000	1.242624e-003
3.149999999999977e+000	1.257830e-003
3.159999999999977e+000	1.273138e-003
3.169999999999976e+000	1.288549e-003
3.179999999999976e+000	1.304063e-003
3.189999999999976e+000	1.319679e-003
3.199999999999976e+000	1.335398e-003
3.209999999999976e+000	1.351221e-003
3.219999999999975e+000	1.367147e-003
3.229999999999975e+000	1.383176e-003
3.239999999999975e+000	1.399309e-003
3.249999999999975e+000	1.415546e-003
3.259999999999975e+000	1.431887e-003
3.269999999999974e+000	1.448332e-003
3.279999999999974e+000	1.464882e-003
3.289999999999974e+000	1.481536e-003
3.299999999999974e+000	1.498294e-003
3.309999999999973e+000	1.515158e-003
3.319999999999973e+000	1.532127e-003
3.329999999999973e+000	1.549201e-003
3.339999999999973e+000	1.566380e-003
3.349999999999973e+000	1.583665e-003
3.359999999999972e+000	1.601056e-003
3.369999999999972e+000	1.618553e-003
3.379999999999972e+000	1.636155e-003
3.389999999999972e+000	1.653865e-003
3.399999999999972e+000	1.671680e-003
3.409999999999971e+000	1.689602e-003
3.419999999999971e+000	1.707631e-003
3.429999999999971e+000	1.725767e-003
3.439999999999971e+000	1.744010e-003
3.449999999999970e+000	1.762360e-003
3.459999999999970e+000	1.780818e-003
3.469999999999970e+000	1.799384e-003
3.479999999999970e+000	1.818057e-003
3.489999999999970e+000	1.836838e-003
3.499999999999969e+000	1.855728e-003
3.509999999999969e+000	1.874726e-003
3.519999999999969e+000	1.893832e-003
3.529999999999969e+000	1.913047e-003
3.539999999999969e+000	1.932371e-003
3.549999999999968e+000	1.951804e-003
3.559999999999968e+000	1.971347e-003
3.569999999999968e+000	1.990998e-003
3.579999999999968e+000	2.010759e-003
3.589999999999967e+000	2.030630e-003
3.599999999999967e+000	2.050611e-003
3.609999999999967e+000	2.070702e-003
3.619999999999967e+000	2.090903e-003
3.629999999999967e+000	2.111215e-003
3.639999999999966e+000	2.131637e-003
3.649999999999966e+000	2.152170e-003
3.659999999999966e+000	2.172814e-003
3.669999999999966e+000	2.193569e-003
3.679999999999966e+000	2.214435e-003
3.689999999999965e+000	2.235413e-003
3.699999999999965e+000	2.256502e-003
3.709999999999965e+000	2.277704e-003
3.719999999999965e+000	2.299017e-003
3.729999999999965e+000	2.320442e-003
3.739999999999964e+000	2.341980e-003
3.749999999999964e+000	2.363630e-003
3.759999999999964e+000	2.385393e-003
3.769999999999964e+000	2.407269e-003
3.779999999999963e+000	2.429257e-003
3.789999999999963e+000	2.451359e-003
3.799999999999963e+000	2.473574e-003
3.809999999999963e+000	2.495903e-003
3.819999999999963e+000	2.518346e-003
3.829999999999962e+000	2.540902e-003
3.839999999999962e+000	2.563572e-003
3.849999999999962e+000	2.586357e-003
3.859999999999962e+000	2.609256e-003
3.869999999999962e+000	2.632270e-003
3.879999999999961e+000	2.655398e-003
3.889999999999961e+000	2.678642e-003
3.899999999999961e+000	2.702000e-003
3.909999999999961e+000	2.725474e-003
3.919999999999960e+000	2.749063e-003
3.929999999999960e+000	2.772768e-003
3.939999999999960e+000	2.796588e-003
3.949999999999960e+000	2.820524e-003
3.959999999999960e+000	2.844577e-003
3.969999999999959e+000	2.868746e-003
3.979999999999959e+000	2.893031e-003
3.989999999999959e+000	2.917433e-003
3.999999999999959e+000	2.941952e-003
4.009999999999959e+000	2.966588e-003
4.019999999999959e+000	2.991341e-003
4.029999999999959e+000	3.016211e-003
4.039999999999958e+000	3.041199e-003
4.049999999999958e+000	3.066304e-003
4.059999999999958e+000	3.091528e-003
4.069999999999958e+000	3.116869e-003
4.079999999999957e+000	3.142329e-003
4.089999999999957e+000	3.167907e-003
4.099999999999957e+000	3.193603e-003
4.109999999999957e+000	3.219418e-003
4.119999999999957e+000	3.245353e-003
4.129999999999956e+000	3.271406e-003
4.139999999999956e+000	3.297578e-003
4.149999999999956e+000	3.323870e-003
4.159999999999956e+000	3.350281e-003
4.169999999999956e+000	3.376813e-003
4.179999999999955e+000	3.403464e-003
4.189999999999955e+000	3.430235e-003
4.199999999999955e+000	3.457126e-003
4.209999999999955e+000	3.484138e-003
4.219999999999955e+000	3.511271e-003
4.229999999999954e+000	3.538524e-003
4.239999999999954e+000	3.565899e-003
4.249999999999954e+000	3.593394e-003
4.259999999999954e+000	3.621011e-003
4.269999999999953e+000	3.648749e-003
4.279999999999953e+000	3.676609e-003
4.289999999999953e+000	3.704591e-003
4.299999999999953e+000	3.732694e-003
4.309999999999953e+000	3.760920e-003
4.319999999999952e+000	3.789269e-003
4.329999999999952e+000	3.817739e-003
4.339999999999952e+000	3.846333e-003
4.349999999999952e+000	3.875049e-003
4.359999999999952e+000	3.903889e-003
4.369999999999951e+000	3.932851e-003
4.379999999999951e+000	3.961937e-003
4.389999999999951e+000	3.991147e-003
4.399999999999951e+000	4.020480e-003
4.409999999999950e+000	4.049937e-003
4.419999999999950e+000	4.079518e-003
4.429999999999950e+000	4.109224e-003
4.439999999999950e+000	4.139054e-003
4.449999999999950e+000	4.169008e-003
4.459999999999949e+000	4.199088e-003
4.469999999999949e+000	4.229292e-003
4.479999999999949e+000	4.259621e-003
4.489999999999949e+000	4.290076e-003
4.499999999999949e+000	4.320656e-003
4.509999999999948e+000	4.351362e-003
4.519999999999948e+000	4.382193e-003
4.529999999999948e+000	4.413151e-003
4.539999999999948e+000	4.444235e-003
4.549999999999947e+000	4.475445e-003
4.559999999999947e+000	4.506781e-003
4.569999999999947e+000	4.538244e-003
4.579999999999947e+000	4.569834e-003
4.589999999999947e+000	4.601551e-003
4.599999999999946e+000	4.633395e-003
4.609999999999946e+000	4.665367e-003
4.619999999999946e+000	4.697466e-003
4.629999999999946e+000	4.729693e-003
4.639999999999946e+000	4.762047e-003
4.649999999999945e+000	4.794530e-003
4.659999999999945e+000	4.827141e-003
4.669999999999945e+000	4.859880e-003
4.679999999999945e+000	4.892748e-003
4.689999999999944e+000	4.925745e-003
4.699999999999944e+000	4.958870e-003
4.709999999999944e+000	4.992125e-003
4.719999999999944e+000	5.025509e-003
4.729999999999944e+000	5.059022e-003
4.739999999999943e+000	5.092665e-003
4.749999999999943e+000	5.126438e-003
4.759999999999943e+000	5.160341e-003
4.769999999999943e+000	5.194373e-003
4.779999999999943e+000	5.228537e-003
4.789999999999942e+000	5.262830e-003
4.799999999999942e+000	5.297254e-003
4.809999999999942e+000	5.331810e-003
4.819999999999942e+000	5.366495e-003
4.829999999999942e+000	5.401313e-003
4.839999999999941e+000	5.436261e-003
4.849999999999941e+000	5.471341e-003
4.859999999999941e+000	5.506553e-003
4.869999999999941e+000	5.541896e-003
4.879999999999940e+000	5.577372e-003
4.889999999999940e+000	5.612980e-003
4.899999999999940e+000	5.648720e-003
4.909999999999940e+000	5.684593e-003
4.919999999999940e+000	5.720598e-003
4.929999999999939e+000	5.756736e-003
4.939999999999939e+000	5.793008e-003
4.949999999999939e+000	5.829412e-003
4.959999999999939e+000	5.865951e-003
4.969999999999939e+000	5.902622e-003
4.979999999999938e+000	5.939427e-003
4.989999999999938e+000	5.976367e-003
5.000000000000000e+000	6.013440e-003
